0.320	26	7	-26	3200	3200	3200	29	35	29	3248	3113	41	41	42	6	6	6	4	4	4	236	237	236	24	0	0	
0.480	-13	12	-8	3200	3200	3200	29	35	29	3247	3114	41	41	42	6	6	6	4	4	4	236	237	236	24	0	0	
0.640	8000	8000	-8000	3200	3200	3200	30	35	30	3349	3214	42	42	43	4	4	4	4	4	4	236	237	236	24	0	0	
0.800	-4	9	-4	3200	3200	3200	30	35	30	3348	3213	42	42	43	6	6	6	4	4	4	236	237	236	88	0	0	
0.960	-8	23	-9	3200	3200	3200	30	35	30	3348	3213	42	42	43	6	6	6	4	4	4	236	237	236	24	0	0	
1.120	-13	12	-6	3200	3200	3200	30	35	30	3347	3214	42	42	43	6	6	6	4	4	4	236	237	236	24	0	0	
1.280	0	8	2	3200	3200	3200	30	35	30	3348	3213	42	42	43	6	6	6	4	4	4	236	237	236	24	0	0	
1.440	10	8	-16	3200	3200	3200	30	35	30	3348	3213	42	42	43	6	6	6	4	4	4	236	237	236	24	0	0	
1.600	2	10	-17	3200	3200	3200	30	35	30	3348	3213	42	42	43	6	6	6	4	4	4	236	237	236	24	0	0	
1.760	8	9	-13	3200	3200	3200	30	35	30	3348	3213	42	42	43	6	6	6	4	4	4	236	237	236	24	0	0	
1.920	5	7	-22	3200	3200	3200	30	35	30	3348	3213	42	42	43	6	6	6	4	4	4	236	237	236	24	0	0	
2.080	4	2	2	3200	3200	3200	30	35	30	3348	3213	42	42	43	6	6	6	4	4	4	236	237	236	24	0	0	
2.240	5	9	-28	3200	3200	3200	30	35	30	3348	3213	42	42	43	6	6	6	4	4	4	236	237	236	24	0	0	
2.400	6	7	-13	3200	3200	3200	30	35	30	3348	3213	42	42	43	6	6	6	4	4	4	236	237	236	24	0	0	
2.560	5	11	-14	3200	3200	3200	30	35	30	3348	3213	42	42	43	6	6	6	4	4	4	236	237	236	24	0	0	
2.720	-9	13	-4	3200	3200	3200	30	35	30	3348	3213	42	42	43	6	6	6	4	4	4	236	237	236	24	0	0	
2.880	20	1	-26	3200	3200	3200	30	35	30	3348	3214	42	42	43	6	6	6	4	4	4	236	237	236	24	0	0	
3.040	1	6	-14	3200	3200	3200	30	35	30	3348	3213	42	42	43	6	6	6	4	4	4	236	237	236	24	0	0	
3.200	7	14	-10	3200	3200	3200	30	35	30	3348	3213	42	42	43	6	6	6	4	4	4	236	237	236	24	0	0	
3.360	2	5	-13	3200	3200	3200	30	35	30	3348	3213	42	42	43	6	6	6	4	4	4	236	237	236	24	0	0	
3.520	6	8	-9	3200	3200	3200	30	35	30	3349	3213	42	42	43	6	6	6	4	4	4	236	237	236	24	0	0	
3.680	-7	13	-9	3200	3200	3200	30	35	30	3348	3213	42	42	43	6	6	6	4	4	4	236	237	236	24	0	0	
3.840	5	8	-19	3200	3200	3200	30	35	30	3348	3213	42	42	43	6	6	6	4	4	4	236	237	236	24	0	0	
4.000	12	9	-13	3200	3200	3200	30	35	30	3348	3213	42	42	43	6	6	6	4	4	4	236	237	236	24	0	0	
4.160	6	5	-17	3200	3200	3200	30	35	30	3348	3214	42	42	43	6	6	6	4	4	4	236	237	236	24	0	0	
4.320	5	9	-13	3200	3200	3200	30	35	30	3348	3214	42	42	43	6	6	6	4	4	4	236	237	236	24	0	0	
4.480	3	7	-13	3200	3200	3200	30	35	30	3348	3214	42	42	43	6	6	6	4	4	4	236	237	236	24	0	0	
4.640	4	9	-12	3200	3200	3200	30	35	30	3348	3213	42	42	43	6	6	6	4	4	4	236	237	236	24	0	0	
4.800	6	10	-16	3200	3200	3200	30	35	30	3348	3214	42	42	43	6	6	6	4	4	4	236	237	236	24	0	0	
4.960	8	5	-22	3200	3200	3200	30	35	30	3348	3213	42	42	43	6	6	6	4	4	4	236	237	236	24	0	0	
5.120	6	12	-10	3200	3200	3200	30	35	30	3348	3213	42	42	43	6	6	6	4	4	4	236	237	236	24	0	0	
5.280	1	7	-11	3200	3200	3200	30	35	30	3348	3214	42	42	43	6	6	6	4	4	4	236	237	236	24	0	0	
5.440	18	4	-23	3200	3200	3200	30	35	30	3348	3213	42	42	43	6	6	6	4	4	4	236	237	236	24	0	0	
5.600	5	5	-12	3200	3200	3200	30	35	30	3349	3214	42	42	43	6	6	6	4	4	4	236	237	236	24	0	0	
5.760	1	10	-14	3200	3200	3200	30	35	30	3348	3213	42	42	43	6	6	6	4	4	4	236	237	236	24	0	0	
5.920	5	10	-12	3200	3200	3200	30	35	30	3348	3214	42	42	43	6	6	6	4	4	4	236	237	236	24	0	0	
6.080	-6	13	-6	3200	3200	3200	30	35	30	3348	3214	42	42	43	6	6	6	4	4	4	236	237	236	24	0	0	
6.240	8	7	-13	3200	3200	3200	30	35	30	3348	3213	42	42	43	6	6	6	4	4	4	236	237	236	24	0	0	
6.400	2	7	-14	3200	3200	3200	30	35	30	3348	3214	42	42	43	6	6	6	4	4	4	236	237	236	24	0	0	
6.560	5	12	-11	3200	3200	3200	30	35	30	3349	3214	42	42	43	6	6	6	4	4	4	236	237	236	24	0	0	
6.720	-4	10	-10	3200	3200	3200	30	35	30	3349	3214	42	42	43	6	6	6	4	4	4	236	237	236	24	0	0	
6.880	6	9	-14	3200	3200	3200	30	35	30	3348	3213	42	42	43	6	6	6	4	4	4	236	237	236	24	0	0	
7.040	10	7	-16	3200	3200	3200	30	35	30	3348	3214	42	42	43	6	6	6	4	4	4	236	237	236	24	0	0	
7.200	1	7	-15	3200	3200	3200	30	35	30	3349	3213	42	42	43	6	6	6	4	4	4	236	237	236	24	0	0	
7.360	17	6	-17	3200	3200	3200	30	35	30	3348	3214	42	42	43	6	6	6	4	4	4	236	237	236	24	0	0	
7.520	1	10	-13	3200	3200	3200	30	35	30	3348	3213	42	42	43	6	6	6	4	4	4	236	237	236	24	0	0	
7.680	11	8	-13	3200	3200	3200	30	35	30	3348	3214	42	42	43	6	6	6	4	4	4	236	237	236	24	0	0	
7.840	1	5	-12	3200	3200	3200	30	35	30	3349	3214	42	42	43	6	6	6	4	4	4	236	237	236	24	0	0	
8.000	-5	14	-10	3200	3200	3200	30	35	30	3348	3214	42	42	43	6	6	6	4	4	4	236	237	236	24	0	0	
8.160	10	11	-15	3200	3200	3200	30	35	30	3349	3214	42	42	43	6	6	6	4	4	4	236	237	236	24	0	0	
8.320	8	4	-23	3200	3200	3200	30	35	30	3348	3214	42	42	43	6	6	6	4	4	4	236	237	236	24	0	0	
8.480	10	7	-13	3200	3200	3200	30	35	30	3348	3214	42	42	43	6	6	6	4	4	4	236	237	236	24	0	0	
8.640	7	4	-18	3200	3200	3200	30	35	30	3349	3214	42	42	43	6	6	6	4	4	4	236	237	236	24	0	0	
8.800	4	10	-7	3200	3200	3200	30	35	30	3349	3213	42	42	43	6	6	6	4	4	4	236	237	236	24	0	0	
8.960	-4	11	-15	3200	3200	3200	30	35	30	3348	3213	42	42	43	6	6	6	4	4	4	236	237	236	24	0	0	
9.120	6	11	-11	3200	3200	3200	30	35	30	3348	3214	42	42	43	6	6	6	4	4	4	236	237	236	24	0	0	
9.280	-2	13	-10	3200	3200	3200	30	35	30	3348	3214	42	42	43	6	6	6	4	4	4	236	237	236	24	0	0	
9.440	-53	32	34	3200	3200	3200	30	35	30	3348	3214	42	42	43	6	6	6	4	4	4	236	237	236	24	0	0	
9.600	-45	30	26	3200	3200	3200	30	35	30	3349	3214	42	42	43	6	6	6	4	4	4	236	237	236	24	0	0	
9.760	-81	46	73	3200	3200	3200	30	35	30	3348	3213	42	42	43	6	6	6	4	4	4	236	237	236	24	0	0	
9.920	11	10	-11	3200	3200	3200	30	35	30	3349	3214	42	42	43	6	6	6	4	4	4	236	237	236	24	0	0	
10.080	17	0	-31	3200	3200	3200	30	35	30	3348	3214	42	42	43	6	6	6	4	4	4	236	237	236	24	0	0	
10.240	32	-1	-34	3200	3200	3200	30	35	30	3349	3214	42	42	43	6	6	6	4	4	4	236	237	236	24	0	0	
10.400	55	-17	-64	3200	3200	3200	30	35	30	3349	3213	42	42	43	6	6	6	4	4	4	236	237	236	24	0	0	
10.560	24	-4	-33	3200	3200	3200	30	35	30	3349	3214	42	42	43	6	6	6	4	4	4	236	237	236	24	0	0	
10.720	26	6	-32	3200	3200	3200	30	35	30	3348	3213	42	42	43	6	6	6	4	4	4	236	237	236	24	0	0	
10.880	4	8	-13	3200	3200	3200	30	35	30	3348	3215	42	42	43	6	6	6	4	4	4	236	237	236	24	0	0	
11.040	26	2	-27	3200	3200	3200	30	35	30	3349	3214	42	42	43	6	6	6	4	4	4	236	237	236	24	0	0	
11.200	-10	7	-10	3200	3200	3200	30	35	30	3349	3213	42	42	43	6	6	6	4	4	4	236	237	236	24	0	0	
11.360	8	12	-15	3200	3200	3200	30	35	30	3348	3214	42	42	43	6	6	6	4	4	4	236	237	236	24	0	0	
11.520	-16	18	-1	3200	3200	3200	30	35	30	3349	3214	42	42	43	6	6	6	4	4	4	236	237	236	24	0	0	
11.680	15	3	-20	3200	3200	3200	30	35	30	3349	3215	42	42	43	6	6	6	4	4	4	236	237	236	24	0	0	
11.840	9	10	-7	3200	3200	3200	30	35	30	3349	3214	42	42	43	6	6	6	4	4	4	236	237	236	24	0	0	
12.000	9	2	-21	3200	3200	3200	30	35	30	3349	3214	42	42	43	6	6	6	4	4	4	236	237	236	24	0	0	
12.160	10	6	-16	3200	3200	3200	30	35	30	3348	3214	42	42	43	6	6	6	4	4	4	236	237	236	24	0	0	
12.320	5	8	-18	3200	3200	3200	30	35	30	3349	3214	42	42	43	6	6	6	4	4	4	236	237	236	24	0	0	
12.480	-1	12	-7	3200	3200	3200	30	35	30	3349	3214	42	42	43	6	6	6	4	4	4	236	237	236	24	0	0	
12.640	2	14	-9	3200	3200	3200	30	35	30	3349	3214	42	42	43	6	6	6	4	4	4	236	237	236	24	0	0	
12.800	4	2	-17	3200	3200	3200	30	35	30	3348	3214	42	42	43	6	6	6	4	4	4	236	237	236	24	0	0	
12.960	13	9	-21	3200	3200	3200	30	35	30	3349	3214	42	42	43	6	6	6	4	4	4	236	237	236	24	0	0	
13.120	-1	8	-13	3200	3200	3200	30	35	30	3349	3215	42	42	43	6	6	6	4	4	4	236	237	236	24	0	0	
13.280	8	14	-10	3200	3200	3200	30	35	30	3349	3213	42	42	43	6	6	6	4	4	4	236	237	236	24	0	0	
13.440	-1	7	-11	3200	3200	3200	30	35	30	3349	3215	42	42	43	6	6	6	4	4	4	236	237	236	24	0	0	
13.600	6	6	-14	3200	3200	3200	30	35	30	3349	3215	42	42	43	6	6	6	4	4	4	236	237	236	24	0	0	
13.760	5	9	-12	3200	3200	3200	30	35	30	3349	3214	42	42	43	6	6	6	4	4	4	236	237	236	24	0	0	
13.920	-7	13	-8	3200	3200	3200	30	35	30	3349	3215	42	42	43	6	6	6	4	4	4	236	237	236	24	0	0	
14.080	13	8	-12	3200	3200	3200	30	35	30	3349	3214	42	42	43	6	6	6	4	4	4	236	237	236	24	0	0	
14.240	2	4	-18	3200	3200	3200	30	35	30	3349	3214	42	42	43	6	6	6	4	4	4	236	237	236	24	0	0	
14.400	4	11	-8	3200	3200	3200	30	35	30	3349	3214	42	42	43	6	6	6	4	4	4	236	237	236	24	0	0	
14.560	0	9	-13	3200	3200	3200	30	35	30	3349	3214	42	42	43	6	6	6	4	4	4	236	237	236	24	0	0	
14.720	9	7	-20	3200	3200	3200	30	35	30	3349	3214	42	42	43	6	6	6	4	4	4	236	237	236	24	0	0	
14.880	4	12	-11	3200	3200	3200	30	35	30	3348	3215	42	42	43	6	6	6	4	4	4	236	237	236	24	0	0	
15.040	3	6	-15	3200	3200	3200	30	35	30	3349	3215	42	42	43	6	6	6	4	4	4	236	237	236	24	0	0	
15.200	0	13	-7	3200	3200	3200	30	35	30	3349	3214	42	42	43	6	6	6	4	4	4	236	237	236	24	0	0	
15.360	5	4	-17	3200	3200	3200	30	35	30	3349	3214	42	42	43	6	6	6	4	4	4	236	237	236	24	0	0	
15.520	10	8	-14	3200	3200	3200	30	35	30	3349	3215	42	42	43	6	6	6	4	4	4	236	237	236	24	0	0	
15.680	4	10	-13	3200	3200	3200	30	35	30	3348	3215	42	42	43	6	6	6	4	4	4	236	237	236	24	0	0	
15.840	-2	8	-12	3200	3200	3200	30	35	30	3349	3215	42	42	43	6	6	6	4	4	4	236	237	236	24	0	0	
16.000	9	9	-12	3200	3200	3200	30	35	30	3349	3214	42	42	43	6	6	6	4	4	4	236	237	236	24	0	0	
16.160	-8	11	-10	3200	3200	3200	30	35	30	3349	3214	42	42	43	6	6	6	4	4	4	236	237	236	24	0	0	
16.320	15	9	-14	3200	3200	3200	30	35	30	3349	3214	42	42	43	6	6	6	4	4	4	236	237	236	24	0	0	
16.480	1	8	-17	3200	3200	3200	30	35	30	3349	3214	42	42	43	6	6	6	4	4	4	236	237	236	24	0	0	
16.640	8	10	-11	3200	3200	3200	30	35	30	3349	3215	42	42	43	6	6	6	4	4	4	236	237	236	24	0	0	
16.800	6	4	-19	3200	3200	3200	30	35	30	3349	3214	42	42	43	6	6	6	4	4	4	236	237	236	24	0	0	
16.960	1	11	-11	3200	3200	3200	30	35	30	3349	3214	42	42	43	6	6	6	4	4	4	236	237	236	24	0	0	
17.120	4	12	-11	3200	3200	3200	30	35	30	3349	3214	42	42	43	6	6	6	4	4	4	236	237	236	24	0	0	
17.280	4	6	-14	3200	3200	3200	30	35	30	3349	3214	42	42	43	6	6	6	4	4	4	236	237	236	24	0	0	
17.440	6	11	-9	3200	3200	3200	30	35	30	3349	3215	42	42	43	6	6	6	4	4	4	236	237	236	24	0	0	
17.600	6	3	-19	3200	3200	3200	30	35	30	3349	3215	42	42	43	6	6	6	4	4	4	236	237	236	24	0	0	
17.760	-5	12	-7	3200	3200	3200	30	35	30	3349	3215	42	42	43	6	6	6	4	4	4	236	237	236	24	0	0	
17.920	8	9	-15	3200	3200	3200	30	35	30	3349	3215	42	42	43	6	6	6	4	4	4	236	237	236	24	0	0	
18.080	0	8	-15	3200	3200	3200	30	35	30	3349	3215	42	42	43	6	6	6	4	4	4	236	237	236	24	0	0	
18.240	11	9	-11	3200	3200	3200	30	35	30	3349	3215	42	42	43	6	6	6	4	4	4	236	237	236	24	0	0	
18.400	4	8	-18	3200	3200	3200	30	35	30	3349	3215	42	42	43	6	6	6	4	4	4	236	237	236	24	0	0	
18.560	1	9	-7	3200	3200	3200	30	35	30	3349	3214	42	42	43	6	6	6	4	4	4	236	237	236	24	0	0	
18.720	4	10	-16	3200	3200	3200	30	35	30	3349	3215	42	42	43	6	6	6	4	4	4	236	237	236	24	0	0	
18.880	6	8	-13	3200	3200	3200	30	35	30	3349	3214	42	42	43	6	6	6	4	4	4	236	237	236	24	0	0	
19.040	10	8	-14	3200	3200	3200	30	35	30	3349	3214	42	42	43	6	6	6	4	4	4	236	237	236	24	0	0	
19.200	-1	8	-14	3200	3200	3200	30	35	30	3349	3215	42	42	43	6	6	6	4	4	4	236	237	236	24	0	0	
19.360	7	8	-15	3200	3200	3200	30	35	30	3349	3215	42	42	43	6	6	6	4	4	4	236	237	236	24	0	0	
19.520	-3	11	-13	3200	3200	3200	30	35	30	3349	3215	42	42	43	6	6	6	4	4	4	236	237	236	24	0	0	
19.680	8	5	-12	3200	3200	3200	30	35	30	3349	3215	42	42	43	6	6	6	4	4	4	236	237	236	24	0	0	
19.840	6	10	-12	3200	3200	3200	30	35	30	3349	3214	42	42	43	6	6	6	4	4	4	236	237	236	24	0	0	
20.000	-3	9	-11	3200	3200	3200	30	35	30	3349	3215	42	42	43	6	6	6	4	4	4	236	237	236	24	0	0	
20.160	7	10	-12	3200	3200	3200	30	35	30	3349	3215	42	42	43	6	6	6	4	4	4	236	237	236	24	0	0	
20.320	1	8	-18	3200	3200	3200	30	35	30	3349	3215	42	42	43	6	6	6	4	4	4	236	237	236	24	0	0	
20.480	5	13	-9	3200	3200	3200	30	35	30	3349	3215	42	42	43	6	6	6	4	4	4	236	237	236	24	0	0	
20.640	6	5	-18	3200	3200	3200	30	35	30	3349	3215	42	42	43	6	6	6	4	4	4	236	237	236	24	0	0	
20.800	7	7	-14	3200	3200	3200	30	35	30	3349	3215	42	42	43	6	6	6	4	4	4	236	237	236	24	0	0	
20.960	-2	12	-9	3200	3200	3200	30	35	30	3349	3216	42	42	43	6	6	6	4	4	4	236	237	236	24	0	0	
21.120	10	2	-19	3200	3200	3200	30	35	30	3349	3215	42	42	43	6	6	6	4	4	4	236	237	236	24	0	0	
21.280	10	13	-13	3200	3200	3200	30	35	30	3349	3215	42	42	43	6	6	6	4	4	4	236	237	236	24	0	0	
21.440	-7	11	-16	3200	3200	3200	30	35	30	3349	3215	42	42	43	6	6	6	4	4	4	236	237	236	24	0	0	
21.600	15	-2	-6	3200	3200	3200	30	35	30	3349	3215	42	42	43	6	6	6	4	4	4	236	237	236	24	0	0	
21.760	-7	17	-26	3200	3200	3200	30	35	30	3349	3215	42	42	43	6	6	6	4	4	4	236	237	236	24	0	0	
21.920	2	17	-23	3200	3200	3200	30	35	30	3349	3215	42	42	43	6	6	6	4	4	4	236	237	236	24	0	0	
22.080	15	-2	-6	3200	3200	3200	30	35	30	3349	3214	42	42	43	6	6	6	4	4	4	236	237	236	24	0	0	
22.240	0	6	-11	3200	3200	3200	30	35	30	3349	3215	42	42	43	6	6	6	4	4	4	236	237	236	24	0	0	
22.400	12	11	-24	3200	3200	3200	30	35	30	3349	3215	42	42	43	6	6	6	4	4	4	236	237	236	24	0	0	
22.560	1	1	-15	3200	3200	3200	30	35	30	3349	3215	42	42	43	6	6	6	4	4	4	236	237	236	24	0	0	
22.720	2	21	-17	3200	3200	3200	30	35	30	3349	3215	42	42	43	6	6	6	4	4	4	236	237	236	24	0	0	
22.880	6	8	-7	3200	3200	3200	30	35	30	3349	3215	42	42	43	6	6	6	4	4	4	236	237	236	24	0	0	
23.040	0	10	-12	3200	3200	3200	30	35	30	3349	3214	42	42	43	6	6	6	4	4	4	236	237	236	24	0	0	
23.200	12	-7	-16	3200	3200	3200	30	35	30	3349	3216	42	42	43	6	6	6	4	4	4	236	237	236	24	0	0	
23.360	2	3	-23	3200	3200	3200	30	35	30	3349	3215	42	42	43	6	6	6	4	4	4	236	237	236	24	0	0	
23.520	10	15	-3	3200	3200	3200	30	35	30	3349	3215	42	42	43	6	6	6	4	4	4	236	237	236	24	0	0	
23.680	-6	6	-15	3200	3200	3200	30	35	30	3349	3216	42	42	43	6	6	6	4	4	4	236	237	236	24	0	0	
23.840	8	10	-15	3200	3200	3200	30	35	30	3349	3215	42	42	43	6	6	6	4	4	4	236	237	236	24	0	0	
24.000	13	4	-15	3200	3200	3200	30	35	30	3349	3215	42	42	43	6	6	6	4	4	4	236	237	236	24	0	0	
24.160	-8	10	-12	3200	3200	3200	30	35	30	3349	3215	42	42	43	6	6	6	4	4	4	236	237	236	24	0	0	
24.320	3	14	-4	3200	3200	3200	30	35	30	3349	3215	42	42	43	6	6	6	4	4	4	236	237	236	24	0	0	
24.480	10	6	-24	3200	3200	3200	30	35	30	3350	3216	42	42	43	6	6	6	4	4	4	236	237	236	24	0	0	
24.640	29	-1	-34	3200	3200	3200	30	35	30	3349	3215	42	42	43	6	6	6	4	4	4	236	237	236	24	0	0	
24.800	19	-2	-29	3200	3200	3200	30	35	30	3349	3215	42	42	43	6	6	6	4	4	4	236	237	236	24	0	0	
24.960	-14	16	3	3200	3200	3200	30	35	30	3349	3215	42	42	43	6	6	6	4	4	4	236	237	236	24	0	0	
25.120	16	10	-18	3200	3200	3200	30	35	30	3349	3215	42	42	43	6	6	6	4	4	4	236	237	236	24	0	0	
25.280	89	-30	-96	3200	3200	3200	30	35	30	3349	3215	42	42	43	6	6	6	4	4	4	236	237	236	24	0	0	
25.440	43	-15	-67	3200	3200	3200	30	35	30	3350	3215	42	42	43	6	6	6	4	4	4	236	237	236	24	0	0	
25.600	34	-2	-45	3200	3200	3200	30	35	30	3349	3215	42	42	43	6	6	6	4	4	4	236	237	236	24	0	0	
25.760	13	0	-14	3200	3200	3200	30	35	30	3349	3215	42	42	43	6	6	6	4	4	4	236	237	236	24	0	0	
25.920	-11	18	2	3200	3200	3200	30	35	30	3349	3215	42	42	43	6	6	6	4	4	4	236	237	236	24	0	0	
26.080	2	6	-17	3200	3200	3200	30	35	30	3349	3215	42	42	43	6	6	6	4	4	4	236	237	236	24	0	0	
26.240	16	12	-13	3200	3200	3200	30	35	30	3350	3215	42	42	43	6	6	6	4	4	4	236	237	236	24	0	0	
26.400	3	1	-21	3200	3200	3200	30	35	30	3349	3215	42	42	43	6	6	6	4	4	4	236	237	236	24	0	0	
26.560	6	12	-12	3200	3200	3200	30	35	30	3349	3215	42	42	43	6	6	6	4	4	4	236	237	236	24	0	0	
26.720	-4	11	-11	3200	3200	3200	30	35	30	3349	3216	42	42	43	6	6	6	4	4	4	236	237	236	24	0	0	
26.880	15	6	-18	3200	3200	3200	30	35	30	3349	3215	42	42	43	6	6	6	4	4	4	236	237	236	24	0	0	
27.040	10	0	-13	3200	3200	3200	30	35	30	3349	3215	42	42	43	6	6	6	4	4	4	236	237	236	24	0	0	
27.200	9	7	-17	3200	3200	3200	30	35	30	3349	3215	42	42	43	6	6	6	4	4	4	236	237	236	24	0	0	
27.360	10	11	-15	3200	3200	3200	30	35	30	3349	3216	42	42	43	6	6	6	4	4	4	236	237	236	24	0	0	
27.520	-4	14	-13	3200	3200	3200	30	35	30	3349	3216	42	42	43	6	6	6	4	4	4	236	237	236	24	0	0	
27.680	10	1	-2	3200	3200	3200	30	35	30	3349	3216	42	42	43	6	6	6	4	4	4	236	237	236	24	0	0	
27.840	0	5	-4	3200	3200	3200	30	35	30	3349	3215	42	42	43	6	6	6	4	4	4	236	237	236	24	0	0	
28.000	-23	4	26	3200	3200	3200	30	35	30	3349	3215	42	42	43	6	6	6	4	4	4	236	237	236	24	0	0	
28.160	13	12	-13	3200	3200	3200	30	35	30	3350	3216	42	42	43	6	6	6	4	4	4	236	237	236	24	0	0	
28.320	5	6	-26	3200	3200	3200	30	35	30	3349	3215	42	42	43	6	6	6	4	4	4	236	237	236	24	0	0	
28.480	14	7	-13	3200	3200	3200	30	35	30	3349	3215	42	42	43	6	6	6	4	4	4	236	237	236	24	0	0	
28.640	-2	7	-18	3200	3200	3200	30	35	30	3349	3215	42	42	43	6	6	6	4	4	4	236	237	236	24	0	0	
28.800	4	9	0	3200	3200	3200	30	35	30	3349	3215	42	42	43	6	6	6	4	4	4	236	237	236	24	0	0	
28.960	-6	8	-7	3200	3200	3200	30	35	30	3349	3216	42	42	43	6	6	6	4	4	4	236	237	236	24	0	0	
29.120	22	6	-34	3200	3200	3200	30	35	30	3349	3215	42	42	43	6	6	6	4	4	4	236	237	236	24	0	0	
29.280	23	11	-34	3200	3200	3200	30	35	30	3349	3215	42	42	43	6	6	6	4	4	4	236	237	236	24	0	0	
29.440	2	11	-19	3200	3200	3200	30	35	30	3349	3215	42	42	43	6	6	6	4	4	4	236	237	236	24	0	0	
29.600	11	9	-11	3200	3200	3200	30	35	30	3350	3216	42	42	43	6	6	6	4	4	4	236	237	236	24	0	0	
29.760	2	9	-16	3200	3200	3200	30	35	30	3350	3215	42	42	43	6	6	6	4	4	4	236	237	236	24	0	0	
29.920	5	9	-13	3200	3200	3200	30	35	30	3350	3215	42	42	43	6	6	6	4	4	4	236	237	236	24	0	0	
30.080	5	10	-12	3200	3200	3200	30	35	30	3350	3216	42	42	43	6	6	6	4	4	4	236	237	236	24	0	0	
30.240	2	9	-16	3200	3200	3200	30	35	30	3349	3215	42	42	43	6	6	6	4	4	4	236	237	236	24	0	0	
30.400	11	9	-12	3200	3200	3200	30	35	30	3349	3215	42	42	43	6	6	6	4	4	4	236	237	236	24	0	0	
30.560	-1	4	-17	3200	3200	3200	30	35	30	3349	3215	42	42	43	6	6	6	4	4	4	236	237	236	24	0	0	
30.720	12	9	-9	3200	3200	3200	30	35	30	3349	3215	42	42	43	6	6	6	4	4	4	236	237	236	24	0	0	
30.880	-5	10	-11	3200	3200	3200	30	35	30	3349	3215	42	42	43	6	6	6	4	4	4	236	237	236	24	0	0	
31.040	7	9	-14	3200	3200	3200	30	35	30	3350	3216	42	42	43	6	6	6	4	4	4	236	237	236	24	0	0	
31.200	4	10	-8	3200	3200	3200	30	35	30	3350	3216	42	42	43	6	6	6	4	4	4	236	237	236	24	0	0	
31.360	-32	12	33	3200	3200	3200	30	35	30	3350	3216	42	42	43	6	6	6	4	4	4	236	237	236	24	0	0	
31.520	-26	16	16	3200	3200	3200	30	35	30	3350	3216	42	42	43	6	6	6	4	4	4	236	237	236	24	0	0	
31.680	-16	6	-3	3200	3200	3200	30	35	30	3350	3216	42	42	43	6	6	6	4	4	4	236	237	236	24	0	0	
31.840	-22	15	6	3200	3200	3200	30	35	30	3350	3215	42	42	43	6	6	6	4	4	4	236	237	236	24	0	0	
32.000	-35	19	12	3200	3200	3200	30	35	30	3350	3215	42	42	43	6	6	6	4	4	4	236	237	236	24	0	0	
32.160	-15	12	-22	3200	3200	3200	30	35	30	3350	3216	42	42	43	6	6	6	4	4	4	236	237	236	24	0	0	
32.320	-5	13	-2	3200	3200	3200	30	35	30	3349	3216	42	42	43	6	6	6	4	4	4	236	237	236	24	0	0	
32.480	-2	5	-13	3200	3200	3200	30	35	30	3349	3215	42	42	43	6	6	6	4	4	4	236	237	236	24	0	0	
32.640	6	12	-6	3200	3200	3200	30	35	30	3349	3216	42	42	43	6	6	6	4	4	4	236	237	236	24	0	0	
32.800	3	14	-18	3200	3200	3200	30	35	30	3349	3215	42	42	43	6	6	6	4	4	4	236	237	236	24	0	0	
32.960	9	3	-13	3200	3200	3200	30	35	30	3349	3216	42	42	43	6	6	6	4	4	4	236	237	236	24	0	0	
33.120	10	4	-30	3200	3200	3200	30	35	30	3350	3216	42	42	43	6	6	6	4	4	4	236	237	236	24	0	0	
33.280	-4	15	2	3200	3200	3200	30	36	30	3350	3216	42	42	43	6	6	6	4	4	4	236	237	236	24	0	0	
33.440	1	11	-9	3200	3200	3200	30	35	30	3350	3216	42	42	43	6	6	6	4	4	4	236	237	236	24	0	0	
33.600	-1	-1	-22	3200	3200	3200	30	35	30	3349	3216	42	42	43	6	6	6	4	4	4	236	237	236	24	0	0	
33.760	23	-5	-25	3200	3200	3200	30	35	30	3350	3216	42	42	43	6	6	6	4	4	4	236	237	236	24	0	0	
33.920	12	-3	-31	3200	3200	3200	30	36	30	3350	3216	42	42	43	6	6	6	4	4	4	236	237	236	24	0	0	
34.080	7	4	-18	3200	3200	3200	30	36	30	3350	3216	42	42	43	6	6	6	4	4	4	236	237	236	24	0	0	
34.240	6	11	-12	3200	3200	3200	30	35	30	3350	3216	42	42	43	6	6	6	4	4	4	236	237	236	24	0	0	
34.400	8	14	-15	3200	3200	3200	30	35	30	3350	3216	42	42	43	6	6	6	4	4	4	236	237	236	24	0	0	
34.560	11	-3	-27	3200	3200	3200	30	35	30	3350	3216	42	42	43	6	6	6	4	4	4	236	237	236	24	0	0	
34.720	2	15	-12	3200	3200	3200	30	35	30	3350	3216	42	42	43	6	6	6	4	4	4	236	237	236	24	0	0	
34.880	8	10	-11	3200	3200	3200	30	36	30	3349	3215	42	42	43	6	6	6	4	4	4	236	237	236	24	0	0	
35.040	2	5	-20	3200	3200	3200	30	35	30	3349	3216	42	42	43	6	6	6	4	4	4	236	237	236	24	0	0	
35.200	10	9	-13	3200	3200	3200	30	35	30	3350	3216	42	42	43	6	6	6	4	4	4	236	237	236	24	0	0	
35.360	4	12	0	3200	3200	3200	30	35	30	3350	3216	42	42	43	6	6	6	4	4	4	236	237	236	24	0	0	
35.520	-6	9	-9	3200	3200	3200	30	35	30	3351	3216	42	42	43	6	6	6	4	4	4	236	237	236	24	0	0	
35.680	9	7	-17	3200	3200	3200	30	36	30	3349	3215	42	42	43	6	6	6	4	4	4	236	237	236	24	0	0	
35.840	0	5	-20	3200	3200	3200	30	35	30	3350	3216	42	42	43	6	6	6	4	4	4	236	237	236	24	0	0	
36.000	8	11	-13	3200	3200	3200	30	35	30	3350	3216	42	42	43	6	6	6	4	4	4	236	237	236	24	0	0	
36.160	4	9	-8	3200	3200	3200	30	35	30	3350	3216	42	42	43	6	6	6	4	4	4	236	237	236	24	0	0	
36.320	5	7	-10	3200	3200	3200	30	36	30	3349	3215	42	42	43	6	6	6	4	4	4	236	237	236	24	0	0	
36.480	6	12	-13	3200	3200	3200	30	36	30	3349	3216	42	42	43	6	6	6	4	4	4	236	237	236	24	0	0	
36.640	6	6	-23	3200	3200	3200	30	36	30	3350	3216	42	42	43	6	6	6	4	4	4	236	237	236	24	0	0	
36.800	6	12	-11	3200	3200	3200	30	35	30	3350	3216	42	42	43	6	6	6	4	4	4	236	237	236	24	0	0	
36.960	-5	12	-4	3200	3200	3200	30	36	30	3350	3216	42	42	43	6	6	6	4	4	4	236	237	236	24	0	0	
37.120	5	8	-13	3200	3200	3200	30	36	30	3350	3215	42	42	43	6	6	6	4	4	4	236	237	236	24	0	0	
37.280	10	7	-23	3200	3200	3200	30	35	30	3350	3216	42	42	43	6	6	6	4	4	4	236	237	236	24	0	0	
37.440	0	11	-13	3200	3200	3200	30	36	30	3350	3216	42	42	43	6	6	6	4	4	4	236	237	236	24	0	0	
37.600	0	13	-3	3200	3200	3200	30	36	30	3350	3216	42	42	43	6	6	6	4	4	4	236	237	236	24	0	0	
37.760	1	6	-16	3200	3200	3200	30	36	30	3350	3216	42	42	43	6	6	6	4	4	4	236	237	236	24	0	0	
37.920	14	6	-18	3200	3200	3200	30	36	30	3349	3217	42	42	43	6	6	6	4	4	4	236	237	236	24	0	0	
38.080	2	10	-12	3200	3200	3200	30	36	30	3350	3216	42	42	43	6	6	6	4	4	4	236	237	236	24	0	0	
38.240	1	10	-12	3200	3200	3200	30	36	30	3349	3216	42	42	43	6	6	6	4	4	4	236	237	236	24	0	0	
38.400	6	11	-10	3200	3200	3200	30	36	30	3350	3216	42	42	43	6	6	6	4	4	4	236	237	236	24	0	0	
38.560	5	-1	-21	3200	3200	3200	30	35	30	3351	3216	42	42	43	6	6	6	4	4	4	236	237	236	24	0	0	
38.720	8	13	-7	3200	3200	3200	30	36	30	3350	3217	42	42	43	6	6	6	4	4	4	236	237	236	24	0	0	
38.880	-2	10	-17	3200	3200	3200	30	35	30	3350	3217	42	42	43	6	6	6	4	4	4	236	237	236	24	0	0	
39.040	7	11	-8	3200	3200	3200	30	35	30	3350	3216	42	42	43	6	6	6	4	4	4	236	237	236	24	0	0	
39.200	4	7	-19	3200	3200	3200	30	36	30	3350	3216	42	42	43	6	6	6	4	4	4	236	237	236	24	0	0	
39.360	4	8	-8	3200	3200	3200	30	35	30	3350	3216	42	42	43	6	6	6	4	4	4	236	237	236	24	0	0	
39.520	-3	14	-3	3200	3200	3200	30	36	30	3351	3216	42	42	43	6	6	6	4	4	4	236	237	236	24	0	0	
39.680	0	7	-15	3200	3200	3200	30	36	30	3350	3216	42	42	43	6	6	6	4	4	4	236	237	236	24	0	0	
39.840	15	5	-19	3200	3200	3200	30	36	30	3350	3217	42	42	43	6	6	6	4	4	4	236	237	236	24	0	0	
40.000	0	9	-11	3200	3200	3200	30	36	30	3350	3216	42	42	43	6	6	6	4	4	4	236	237	236	24	0	0	
40.160	3	8	-13	3200	3200	3200	30	35	30	3350	3216	42	42	43	6	6	6	4	4	4	236	237	236	24	0	0	
40.320	2	9	-10	3200	3200	3200	30	36	30	3350	3217	42	42	43	6	6	6	4	4	4	236	237	236	24	0	0	
40.480	6	5	-22	3200	3200	3200	30	36	30	3350	3216	42	42	43	6	6	6	4	4	4	236	237	236	24	0	0	
40.640	11	10	-15	3200	3200	3200	30	36	30	3350	3216	42	42	43	6	6	6	4	4	4	236	237	236	24	0	0	
40.800	-4	10	-12	3200	3200	3200	30	36	30	3351	3216	42	42	43	6	6	6	4	4	4	236	237	236	24	0	0	
40.960	9	11	-8	3200	3200	3200	30	36	30	3350	3216	42	42	43	6	6	6	4	4	4	236	237	236	24	0	0	
41.120	2	9	-16	3200	3200	3200	30	36	30	3351	3216	42	42	43	6	6	6	4	4	4	236	237	236	24	0	0	
41.280	8	8	-12	3200	3200	3200	30	36	30	3351	3217	42	42	43	6	6	6	4	4	4	236	237	236	24	0	0	
41.440	6	11	-16	3200	3200	3200	30	36	30	3350	3217	42	42	43	6	6	6	4	4	4	236	237	236	24	0	0	
41.600	2	7	-11	3200	3200	3200	30	36	30	3350	3216	42	42	43	6	6	6	4	4	4	236	237	236	24	0	0	
41.760	16	8	-21	3200	3200	3200	30	36	30	3350	3216	42	42	43	6	6	6	4	4	4	236	237	236	24	0	0	
41.920	5	3	-19	3200	3200	3200	30	36	30	3350	3216	42	42	43	6	6	6	4	4	4	236	237	236	24	0	0	
42.080	-14	14	12	3200	3200	3200	30	36	30	3350	3217	42	42	43	6	6	6	4	4	4	236	237	236	24	0	0	
42.240	-11	14	16	3200	3200	3200	30	36	30	3350	3216	42	42	43	6	6	6	4	4	4	236	237	236	24	0	0	
42.400	7	16	-1	3200	3200	3200	30	36	30	3350	3216	42	42	43	6	6	6	4	4	4	236	237	236	24	0	0	
42.560	20	0	-24	3200	3200	3200	30	36	30	3350	3216	42	42	43	6	6	6	4	4	4	236	237	236	24	0	0	
42.720	21	-5	-45	3200	3200	3200	30	36	30	3350	3217	42	42	43	6	6	6	4	4	4	236	237	236	24	0	0	
42.880	49	8	-47	3200	3200	3200	30	36	30	3351	3217	42	42	43	6	6	6	4	4	4	236	237	236	24	0	0	
43.040	54	13	-74	3200	3200	3200	30	36	30	3350	3217	42	42	43	6	6	6	4	4	4	236	237	236	24	0	0	
43.200	13	6	-67	3200	3200	3200	30	36	30	3351	3216	42	42	43	6	6	6	4	4	4	236	237	236	24	0	0	
43.360	-4	8	0	3200	3200	3200	30	36	30	3351	3217	42	42	43	6	6	6	4	4	4	236	237	236	24	0	0	
43.520	15	14	-27	3200	3200	3200	30	36	30	3350	3217	42	42	43	6	6	6	4	4	4	236	237	236	24	0	0	
43.680	5	2	-6	3200	3200	3200	30	36	30	3350	3216	42	42	43	6	6	6	4	4	4	236	237	236	24	0	0	
43.840	-14	14	-15	3200	3200	3200	30	36	30	3351	3217	42	42	43	6	6	6	4	4	4	236	237	236	24	0	0	
44.000	-54	-32	-155	3200	3200	3200	30	36	30	3350	3217	42	42	43	6	6	6	4	4	4	236	238	236	24	0	0	
44.160	99	21	-13	3200	3200	3200	30	36	30	3350	3216	42	42	43	6	6	6	4	4	4	236	237	235	24	0	0	
44.320	-45	80	104	3200	3200	3200	30	36	30	3351	3216	42	42	43	6	6	6	4	4	4	236	238	236	24	0	0	
44.480	-10	10	-18	3200	3200	3200	30	36	30	3350	3217	42	42	43	6	6	6	4	4	4	236	237	236	24	0	0	
44.640	57	-34	-68	3200	3200	3200	30	36	30	3350	3217	42	42	43	6	6	6	4	4	4	236	237	235	24	0	0	
44.800	-16	10	-12	3200	3200	3200	30	36	30	3350	3216	42	42	43	6	6	6	4	4	4	236	237	236	24	0	0	
44.960	-14	27	10	3200	3200	3200	30	36	30	3350	3217	42	42	43	6	6	6	4	4	4	236	237	236	24	0	0	
45.120	16	7	-16	3200	3200	3200	30	36	30	3350	3217	42	42	43	6	6	6	4	4	4	236	237	236	24	0	0	
45.280	9	3	-34	3200	3200	3200	30	36	30	3350	3217	42	42	43	6	6	6	4	4	4	236	237	236	24	0	0	
45.440	7	11	-15	3200	3200	3200	30	36	30	3351	3217	42	42	43	6	6	6	4	4	4	236	237	236	24	0	0	
45.600	-10	17	2	3200	3200	3200	30	36	30	3350	3217	42	42	43	6	6	6	4	4	4	236	237	236	24	0	0	
45.760	10	5	-13	3200	3200	3200	30	36	30	3351	3217	42	42	43	6	6	6	4	4	4	236	237	236	24	0	0	
45.920	19	1	-42	3200	3200	3200	30	36	30	3351	3217	42	42	43	6	6	6	4	4	4	236	237	236	24	0	0	
46.080	6	9	-6	3200	3200	3200	30	36	30	3351	3217	42	42	43	6	6	6	4	4	4	236	237	236	24	0	0	
46.240	13	9	28	3200	3200	3200	30	36	30	3351	3217	42	42	43	6	6	6	4	4	4	236	237	236	24	0	0	
46.400	-2	8	-5	3200	3200	3200	30	36	30	3351	3217	42	42	43	6	6	6	4	4	4	236	237	236	24	0	0	
46.560	5	7	-15	3200	3200	3200	30	36	30	3351	3217	42	42	43	6	6	6	4	4	4	236	237	236	24	0	0	
46.720	10	10	-15	3200	3200	3200	30	36	30	3351	3217	42	42	43	6	6	6	4	4	4	236	237	236	24	0	0	
46.880	0	5	-13	3200	3200	3200	30	36	30	3351	3217	42	42	43	6	6	6	4	4	4	236	237	236	24	0	0	
47.040	8	11	-12	3200	3200	3200	30	36	30	3350	3217	42	42	43	6	6	6	4	4	4	236	237	236	24	0	0	
47.200	1	10	-10	3200	3200	3200	30	36	30	3352	3217	42	42	43	6	6	6	4	4	4	236	237	236	24	0	0	
47.360	9	5	-21	3200	3200	3200	30	36	30	3351	3217	42	42	43	6	6	6	4	4	4	236	237	236	24	0	0	
47.520	3	9	-10	3200	3200	3200	30	36	30	3351	3216	42	42	43	6	6	6	4	4	4	236	237	236	24	0	0	
47.680	0	11	-10	3200	3200	3200	30	36	30	3351	3216	42	42	43	6	6	6	4	4	4	236	237	236	24	0	0	
47.840	8	9	-14	3200	3200	3200	30	36	30	3351	3217	42	42	43	6	6	6	4	4	4	236	237	236	24	0	0	
48.000	3	5	-19	3200	3200	3200	30	36	30	3351	3217	42	42	43	6	6	6	4	4	4	236	237	236	24	0	0	
48.160	9	9	-11	3200	3200	3200	30	36	30	3350	3217	42	42	43	6	6	6	4	4	4	236	237	236	24	0	0	
48.320	-1	10	-12	3200	3200	3200	30	36	30	3351	3217	42	42	43	6	6	6	4	4	4	236	237	236	24	0	0	
48.480	5	9	-16	3200	3200	3200	30	36	30	3351	3217	42	42	43	6	6	6	4	4	4	236	237	236	24	0	0	
48.640	6	10	-14	3200	3200	3200	30	36	30	3351	3217	42	42	43	6	6	6	4	4	4	236	237	236	24	0	0	
48.800	2	9	-14	3200	3200	3200	30	36	30	3350	3217	42	42	43	6	6	6	4	4	4	236	237	236	24	0	0	
48.960	10	8	-15	3200	3200	3200	30	36	30	3350	3217	42	42	43	6	6	6	4	4	4	236	237	236	24	0	0	
49.120	-1	7	-11	3200	3200	3200	30	36	30	3351	3217	42	42	43	6	6	6	4	4	4	236	237	236	24	0	0	
49.280	8	9	-13	3200	3200	3200	30	36	30	3351	3217	42	42	43	6	6	6	4	4	4	236	237	236	24	0	0	
49.440	1	8	-16	3200	3200	3200	30	36	30	3351	3217	42	42	43	6	6	6	4	4	4	236	237	236	24	0	0	
49.600	6	10	-14	3200	3200	3200	30	36	30	3352	3218	42	42	43	6	6	6	4	4	4	236	237	236	24	0	0	
49.760	5	10	-9	3200	3200	3200	30	36	30	3351	3217	42	42	43	6	6	6	4	4	4	236	237	236	24	0	0	
49.920	0	6	-16	3200	3200	3200	30	36	30	3351	3217	42	42	43	6	6	6	4	4	4	236	237	236	24	0	0	
50.080	10	9	-14	3200	3200	3200	30	36	30	3351	3217	42	42	43	6	6	6	4	4	4	236	237	236	24	0	0	
50.240	-1	12	-11	3200	3200	3200	30	36	30	3351	3217	42	42	43	6	6	6	4	4	4	236	237	236	24	0	0	
50.400	6	8	-14	3200	3200	3200	30	36	30	3352	3217	42	42	43	6	6	6	4	4	4	236	237	236	24	0	0	
50.560	5	8	-14	3200	3200	3200	30	36	30	3351	3218	42	42	43	6	6	6	4	4	4	236	237	236	24	0	0	
50.720	1	8	-13	3200	3200	3200	30	36	30	3351	3217	42	42	43	6	6	6	4	4	4	236	237	236	24	0	0	
50.880	8	10	-13	3200	3200	3200	30	36	30	3351	3217	42	42	43	6	6	6	4	4	4	236	237	236	24	0	0	
51.040	0	6	-15	3200	3200	3200	30	36	30	3351	3217	42	42	43	6	6	6	4	4	4	236	237	236	24	0	0	
51.200	12	9	-11	3200	3200	3200	30	36	30	3351	3217	42	42	43	6	6	6	4	4	4	236	237	236	24	0	0	
51.360	-3	7	-13	3200	3200	3200	30	36	30	3351	3217	42	42	43	6	6	6	4	4	4	236	237	236	24	0	0	
51.520	7	8	-14	3200	3200	3200	30	36	30	3351	3217	42	42	43	6	6	6	4	4	4	236	237	236	24	0	0	
51.680	4	10	-12	3200	3200	3200	30	36	30	3352	3217	42	42	43	6	6	6	4	4	4	236	237	236	24	0	0	
51.840	2	10	-13	3200	3200	3200	30	36	30	3351	3218	42	42	43	6	6	6	4	4	4	236	237	236	24	0	0	
52.000	7	9	-14	3200	3200	3200	30	36	30	3351	3217	42	42	43	6	6	6	4	4	4	236	237	236	24	0	0	
52.160	2	7	-13	3200	3200	3200	30	36	30	3351	3218	42	42	43	6	6	6	4	4	4	236	237	236	24	0	0	
52.320	7	8	-12	3200	3200	3200	30	36	30	3351	3217	42	42	43	6	6	6	4	4	4	236	237	236	24	0	0	
52.480	2	8	-15	3200	3200	3200	30	36	30	3352	3217	42	42	43	6	6	6	4	4	4	236	237	236	24	0	0	
52.640	4	9	-15	3200	3200	3200	30	36	30	3351	3217	42	42	43	6	6	6	4	4	4	236	237	236	24	0	0	
52.800	8	10	-13	3200	3200	3200	30	36	30	3351	3218	42	42	43	6	6	6	4	4	4	236	237	236	24	0	0	
52.960	-2	6	-15	3200	3200	3200	30	36	30	3351	3217	42	42	43	6	6	6	4	4	4	236	237	236	24	0	0	
53.120	11	9	-10	3200	3200	3200	30	36	30	3351	3217	42	42	43	6	6	6	4	4	4	236	237	236	24	0	0	
53.280	-3	9	-14	3200	3200	3200	30	36	30	3351	3217	42	42	43	6	6	6	4	4	4	236	237	236	24	0	0	
53.440	7	9	-14	3200	3200	3200	30	36	30	3352	3217	42	42	43	6	6	6	4	4	4	236	237	236	24	0	0	
53.600	2	9	-16	3200	3200	3200	30	36	30	3351	3217	42	42	43	6	6	6	4	4	4	236	237	236	24	0	0	
53.760	4	10	-13	3200	3200	3200	30	36	30	3351	3217	42	42	43	6	6	6	4	4	4	236	237	236	24	0	0	
53.920	5	7	-13	3200	3200	3200	30	36	30	3351	3218	42	42	43	6	6	6	4	4	4	236	237	236	24	0	0	
54.080	1	8	-15	3200	3200	3200	30	36	30	3352	3217	42	42	43	6	6	6	4	4	4	236	237	236	24	0	0	
54.240	9	10	-14	3200	3200	3200	30	36	30	3351	3217	42	42	43	6	6	6	4	4	4	236	237	236	24	0	0	
54.400	-1	11	-14	3200	3200	3200	30	36	30	3351	3217	42	42	43	6	6	6	4	4	4	236	237	236	24	0	0	
54.560	6	6	-15	3200	3200	3200	30	36	30	3352	3218	42	42	43	6	6	6	4	4	4	236	237	236	24	0	0	
54.720	5	8	-13	3200	3200	3200	30	36	30	3351	3218	42	42	43	6	6	6	4	4	4	236	237	236	24	0	0	
54.880	0	8	-13	3200	3200	3200	30	36	30	3351	3217	42	42	43	6	6	6	4	4	4	236	237	236	24	0	0	
55.040	8	10	-12	3200	3200	3200	30	36	30	3351	3217	42	42	43	6	6	6	4	4	4	236	237	236	24	0	0	
55.200	1	7	-14	3200	3200	3200	30	36	30	3351	3217	42	42	43	6	6	6	4	4	4	236	237	236	24	0	0	
55.360	10	10	-13	3200	3200	3200	30	36	30	3351	3218	42	42	43	6	6	6	4	4	4	236	237	236	24	0	0	
55.520	1	9	-15	3200	3200	3200	30	36	30	3351	3217	42	42	43	6	6	6	4	4	4	236	237	236	24	0	0	
55.680	2	8	-14	3200	3200	3200	30	36	30	3352	3218	42	42	43	6	6	6	4	4	4	236	237	236	24	0	0	
55.840	9	10	-12	3200	3200	3200	30	36	30	3351	3217	42	42	43	6	6	6	4	4	4	236	237	236	24	0	0	
56.000	-1	8	-15	3200	3200	3200	30	36	30	3351	3218	42	42	43	6	6	6	4	4	4	236	237	236	24	0	0	
56.160	10	8	-13	3200	3200	3200	30	36	30	3352	3217	42	42	43	6	6	6	4	4	4	236	237	236	24	0	0	
56.320	1	8	-14	3200	3200	3200	30	36	30	3352	3218	42	42	43	6	6	6	4	4	4	236	237	236	24	0	0	
56.480	4	8	-13	3200	3200	3200	30	36	30	3351	3217	42	42	43	6	6	6	4	4	4	236	237	236	24	0	0	
56.640	4	10	-13	3200	3200	3200	30	36	30	3351	3217	42	42	43	6	6	6	4	4	4	236	237	236	24	0	0	
56.800	4	8	-14	3200	3200	3200	30	36	30	3351	3217	42	42	43	6	6	6	4	4	4	236	237	236	24	0	0	
56.960	8	9	-13	3200	3200	3200	30	36	30	3351	3217	42	42	43	6	6	6	4	4	4	236	237	236	24	0	0	
57.120	-1	8	-13	3200	3200	3200	30	36	30	3352	3218	42	42	43	6	6	6	4	4	4	236	237	236	24	0	0	
57.280	5	10	-10	3200	3200	3200	30	36	30	3352	3218	42	42	43	6	6	6	4	4	4	236	237	236	24	0	0	
57.440	1	10	-15	3200	3200	3200	30	36	30	3352	3218	42	42	43	6	6	6	4	4	4	236	237	236	24	0	0	
57.600	7	7	-19	3200	3200	3200	30	36	30	3351	3218	42	42	43	6	6	6	4	4	4	236	237	236	24	0	0	
57.760	6	12	-10	3200	3200	3200	30	36	30	3352	3218	42	42	43	6	6	6	4	4	4	236	237	236	24	0	0	
57.920	2	4	-15	3200	3200	3200	30	36	30	3352	3216	42	42	43	6	6	6	4	4	4	236	237	236	24	0	0	
58.080	7	11	-9	3200	3200	3200	30	36	30	3351	3218	42	42	43	6	6	6	4	4	4	236	237	236	24	0	0	
58.240	1	7	-16	3200	3200	3200	30	36	30	3352	3217	42	42	43	6	6	6	4	4	4	236	237	236	24	0	0	
58.400	10	9	-14	3200	3200	3200	30	36	30	3352	3218	42	42	43	6	6	6	4	4	4	236	237	236	24	0	0	
58.560	-3	10	-14	3200	3200	3200	30	36	30	3352	3217	42	42	43	6	6	6	4	4	4	236	237	236	24	0	0	
58.720	3	10	-7	3200	3200	3200	30	36	30	3352	3218	42	42	43	6	6	6	4	4	4	236	237	236	24	0	0	
58.880	12	6	-14	3200	3200	3200	30	36	30	3352	3218	42	42	43	6	6	6	4	4	4	236	237	236	24	0	0	
59.040	0	8	-16	3200	3200	3200	30	36	30	3351	3218	42	42	43	6	6	6	4	4	4	236	237	236	24	0	0	
59.200	7	12	-13	3200	3200	3200	30	36	30	3352	3217	42	42	43	6	6	6	4	4	4	236	237	236	24	0	0	
59.360	-3	11	-12	3200	3200	3200	30	36	30	3352	3218	42	42	43	6	6	6	4	4	4	236	237	236	24	0	0	
59.520	7	6	-13	3200	3200	3200	30	36	30	3351	3218	42	42	43	6	6	6	4	4	4	236	237	236	24	0	0	
59.680	8	8	-15	3200	3200	3200	30	36	30	3352	3217	42	42	43	6	6	6	4	4	4	236	237	236	24	0	0	
59.840	2	8	-13	3200	3200	3200	30	36	30	3353	3218	42	42	43	6	6	6	4	4	4	236	237	236	24	0	0	
60.000	10	12	-9	3200	3200	3200	30	36	30	3352	3218	42	42	43	6	6	6	4	4	4	236	237	236	24	0	0	
60.160	-4	6	-12	3200	3200	3200	30	36	30	3352	3218	42	42	43	6	6	6	4	4	4	236	237	236	24	0	0	
60.320	11	5	-18	3200	3200	3200	30	36	30	3351	3218	42	42	43	6	6	6	4	4	4	236	237	236	24	0	0	
60.480	0	8	-13	3200	3200	3200	30	36	30	3352	3219	42	42	43	6	6	6	4	4	4	236	237	236	24	0	0	
60.640	4	8	-13	3200	3200	3200	30	36	30	3353	3218	42	42	43	6	6	6	4	4	4	236	237	236	24	0	0	
60.800	8	10	-11	3200	3200	3200	30	36	30	3352	3218	42	42	43	6	6	6	4	4	4	236	237	236	24	0	0	
60.960	-4	9	-12	3200	3200	3200	30	36	30	3352	3217	42	42	43	6	6	6	4	4	4	236	237	236	24	0	0	
61.120	12	10	-13	3200	3200	3200	30	36	30	3352	3217	42	42	43	6	6	6	4	4	4	236	237	236	24	0	0	
61.280	-2	5	-16	3200	3200	3200	30	36	30	3352	3218	42	42	43	6	6	6	4	4	4	236	237	236	24	0	0	
61.440	7	11	-11	3200	3200	3200	30	36	30	3352	3218	42	42	43	6	6	6	4	4	4	236	237	236	24	0	0	
61.600	2	10	-15	3200	3200	3200	30	36	30	3352	3218	42	42	43	6	6	6	4	4	4	236	237	236	24	0	0	
61.760	6	7	-17	3200	3200	3200	30	36	30	3352	3218	42	42	43	6	6	6	4	4	4	236	237	236	24	0	0	
61.920	6	12	-9	3200	3200	3200	30	36	30	3352	3219	42	42	43	6	6	6	4	4	4	236	237	236	24	0	0	
62.080	0	5	-14	3200	3200	3200	30	36	30	3352	3218	42	42	43	6	6	6	4	4	4	236	237	236	24	0	0	
62.240	9	9	-13	3200	3200	3200	30	36	30	3352	3218	42	42	43	6	6	6	4	4	4	236	237	236	24	0	0	
62.400	0	9	-12	3200	3200	3200	30	36	30	3352	3218	42	42	43	6	6	6	4	4	4	236	237	236	24	0	0	
62.560	10	7	-17	3200	3200	3200	30	36	30	3352	3218	42	42	43	6	6	6	4	4	4	236	237	236	24	0	0	
62.720	3	9	-13	3200	3200	3200	30	36	30	3352	3218	42	42	43	6	6	6	4	4	4	236	237	236	24	0	0	
62.880	-3	8	-11	3200	3200	3200	30	36	30	3352	3218	42	42	43	6	6	6	4	4	4	236	237	236	24	0	0	
63.040	7	12	-9	3200	3200	3200	30	36	30	3352	3218	42	42	43	6	6	6	4	4	4	236	237	236	24	0	0	
63.200	-2	7	-18	3200	3200	3200	30	36	30	3352	3218	42	42	43	6	6	6	4	4	4	236	237	236	24	0	0	
63.360	16	10	-15	3200	3200	3200	30	36	30	3352	3218	42	42	43	6	6	6	4	4	4	236	237	236	24	0	0	
63.520	-10	13	-19	3200	3200	3200	30	36	30	3353	3219	42	42	43	6	6	6	4	4	4	236	237	236	24	0	0	
63.680	-6	19	3	3200	3200	3200	30	36	30	3352	3218	42	42	43	6	6	6	4	4	4	236	237	236	24	0	0	
63.840	-11	5	-6	3200	3200	3200	30	36	30	3352	3218	42	42	43	6	6	6	4	4	4	236	237	236	24	0	0	
64.000	-83	51	77	3200	3200	3200	30	36	30	3352	3218	42	42	43	6	6	6	4	4	4	236	237	236	24	0	0	
64.160	-33	26	36	3200	3200	3200	30	36	30	3352	3218	42	42	43	6	6	6	4	4	4	236	237	236	24	0	0	
64.320	17	-7	-18	3200	3200	3200	30	36	30	3352	3218	42	42	43	6	6	6	4	4	4	236	237	236	24	0	0	
64.480	12	5	-34	3200	3200	3200	30	36	30	3352	3218	42	42	43	6	6	6	4	4	4	236	237	236	24	0	0	
64.640	-13	18	-5	3200	3200	3200	30	36	30	3352	3218	42	42	43	6	6	6	4	4	4	236	237	236	24	0	0	
64.800	-10	12	-4	3200	3200	3200	30	36	30	3353	3219	42	42	43	6	6	6	4	4	4	236	237	236	24	0	0	
64.960	-6	21	-3	3200	3200	3200	30	36	30	3352	3218	42	42	43	6	6	6	4	4	4	236	237	236	24	0	0	
65.120	-6	12	-2	3200	3200	3200	30	36	30	3352	3218	42	42	43	6	6	6	4	4	4	236	237	236	24	0	0	
65.280	6	5	-11	3200	3200	3200	30	36	30	3352	3217	42	42	43	6	6	6	4	4	4	236	237	236	24	0	0	
65.440	-7	16	-12	3200	3200	3200	30	36	30	3352	3218	42	42	43	6	6	6	4	4	4	236	237	236	24	0	0	
65.600	-1	10	-9	3200	3200	3200	30	36	30	3352	3218	42	42	43	6	6	6	4	4	4	236	237	236	24	0	0	
65.760	20	4	-21	3200	3200	3200	30	36	30	3352	3218	42	42	43	6	6	6	4	4	4	236	237	236	24	0	0	
65.920	-24	18	5	3200	3200	3200	30	36	30	3352	3218	42	42	43	6	6	6	4	4	4	236	237	236	24	0	0	
66.080	12	4	-18	3200	3200	3200	30	36	30	3352	3219	42	42	43	6	6	6	4	4	4	236	237	236	24	0	0	
66.240	15	3	-29	3200	3200	3200	30	36	30	3352	3218	42	42	43	6	6	6	4	4	4	236	237	236	24	0	0	
66.400	-48	34	38	3200	3200	3200	30	36	30	3352	3218	42	42	43	6	6	6	4	4	4	236	237	236	24	0	0	
66.560	-28	20	24	3200	3200	3200	30	36	30	3353	3218	42	42	43	6	6	6	4	4	4	236	237	236	24	0	0	
66.720	-91	49	78	3200	3200	3200	30	36	30	3352	3219	42	42	43	6	6	6	4	4	4	236	237	236	24	0	0	
66.880	-69	34	54	3200	3200	3200	30	36	30	3353	3219	42	42	43	6	6	6	4	4	4	236	237	236	24	0	0	
67.040	-63	33	37	3200	3200	3200	30	36	30	3352	3219	42	42	43	6	6	6	4	4	4	236	237	236	24	0	0	
67.200	71	-19	-61	3200	3200	3200	30	36	30	3352	3218	42	42	43	6	6	6	4	4	4	236	237	236	24	0	0	
67.360	-51	35	51	3200	3200	3200	30	36	30	3353	3218	42	42	43	6	6	6	4	4	4	236	237	236	24	0	0	
67.520	-25	24	12	3200	3200	3200	30	36	30	3353	3218	42	42	43	6	6	6	4	4	4	236	237	236	24	0	0	
67.680	-53	29	35	3200	3200	3200	30	36	30	3352	3219	42	42	43	6	6	6	4	4	4	236	237	236	24	0	0	
67.840	-30	17	4	3200	3200	3200	30	36	30	3352	3219	42	42	43	6	6	6	4	4	4	236	237	236	24	0	0	
68.000	45	4	-51	3200	3200	3200	30	36	30	3353	3218	42	42	43	6	6	6	4	4	4	236	237	236	24	0	0	
68.160	31	-12	-22	3200	3200	3200	30	36	30	3353	3219	42	42	43	6	6	6	4	4	4	236	237	236	24	0	0	
68.320	-2	16	-9	3200	3200	3200	30	36	30	3352	3219	42	42	43	6	6	6	4	4	4	236	237	236	24	0	0	
68.480	18	4	-41	3200	3200	3200	30	36	30	3352	3218	42	42	43	6	6	6	4	4	4	236	237	236	24	0	0	
68.640	-13	14	-10	3200	3200	3200	30	36	30	3352	3219	42	42	43	6	6	6	4	4	4	236	237	236	24	0	0	
68.800	16	7	-32	3200	3200	3200	30	36	30	3353	3219	42	42	43	6	6	6	4	4	4	236	237	236	24	0	0	
68.960	-9	13	-10	3200	3200	3200	30	36	30	3352	3219	42	42	43	6	6	6	4	4	4	236	237	236	24	0	0	
69.120	1	13	-6	3200	3200	3200	30	36	30	3352	3219	42	42	43	6	6	6	4	4	4	236	237	236	24	0	0	
69.280	-3	6	-13	3200	3200	3200	30	36	30	3352	3219	42	42	43	6	6	6	4	4	4	236	237	236	24	0	0	
69.440	15	1	-26	3200	3200	3200	30	36	30	3352	3218	42	42	43	6	6	6	4	4	4	236	237	236	24	0	0	
69.600	12	11	-17	3200	3200	3200	30	36	30	3353	3219	42	42	43	6	6	6	4	4	4	236	237	236	24	0	0	
69.760	17	1	-26	3200	3200	3200	30	36	30	3352	3218	42	42	43	6	6	6	4	4	4	236	237	236	24	0	0	
69.920	20	4	-22	3200	3200	3200	30	36	30	3353	3219	42	42	43	6	6	6	4	4	4	236	237	236	24	0	0	
70.080	5	5	-20	3200	3200	3200	30	36	30	3352	3219	42	42	43	6	6	6	4	4	4	236	237	236	24	0	0	
70.240	0	11	-6	3200	3200	3200	30	36	30	3353	3219	42	42	43	6	6	6	4	4	4	236	237	236	24	0	0	
70.400	0	15	-6	3200	3200	3200	30	36	30	3353	3219	42	42	43	6	6	6	4	4	4	236	237	236	24	0	0	
70.560	15	-1	-25	3200	3200	3200	30	36	30	3353	3218	42	42	43	6	6	6	4	4	4	236	237	236	24	0	0	
70.720	-4	13	-13	3200	3200	3200	30	36	30	3353	3218	42	42	43	6	6	6	4	4	4	236	237	236	24	0	0	
70.880	3	9	-9	3200	3200	3200	30	36	30	3352	3219	42	42	43	6	6	6	4	4	4	236	237	236	24	0	0	
71.040	13	9	-15	3200	3200	3200	30	36	30	3353	3219	42	42	43	6	6	6	4	4	4	236	237	236	24	0	0	
71.200	-3	9	-11	3200	3200	3200	30	36	30	3353	3219	42	42	43	6	6	6	4	4	4	236	237	236	24	0	0	
71.360	5	4	-23	3200	3200	3200	30	36	30	3353	3219	42	42	43	6	6	6	4	4	4	236	237	236	24	0	0	
71.520	12	12	-8	3200	3200	3200	30	36	30	3353	3219	42	42	43	6	6	6	4	4	4	236	237	236	24	0	0	
71.680	-5	6	-11	3200	3200	3200	30	36	30	3352	3219	42	42	43	6	6	6	4	4	4	236	237	236	24	0	0	
71.840	13	4	-14	3200	3200	3200	30	36	30	3353	3219	42	42	43	6	6	6	4	4	4	236	237	236	24	0	0	
72.000	6	9	-19	3200	3200	3200	30	36	30	3353	3219	42	42	43	6	6	6	4	4	4	236	237	236	24	0	0	
72.160	9	14	-14	3200	3200	3200	30	36	30	3353	3219	42	42	43	6	6	6	4	4	4	236	237	236	24	0	0	
72.320	-2	14	-6	3200	3200	3200	30	36	30	3353	3218	42	42	43	6	6	6	4	4	4	236	237	236	24	0	0	
72.480	10	-1	-27	3200	3200	3200	30	36	30	3353	3219	42	42	43	6	6	6	4	4	4	236	237	236	24	0	0	
72.640	8	11	-10	3200	3200	3200	30	36	30	3353	3218	42	42	43	6	6	6	4	4	4	236	237	236	24	0	0	
72.800	-2	12	-11	3200	3200	3200	30	36	30	3353	3219	42	42	43	6	6	6	4	4	4	236	237	236	24	0	0	
72.960	11	8	-14	3200	3200	3200	30	36	30	3353	3219	42	42	43	6	6	6	4	4	4	236	237	236	24	0	0	
73.120	17	4	-26	3200	3200	3200	30	36	30	3353	3219	42	42	43	6	6	6	4	4	4	236	237	236	24	0	0	
73.280	17	-7	-35	3200	3200	3200	30	36	30	3354	3220	42	42	43	6	6	6	4	4	4	236	237	236	24	0	0	
73.440	1	17	1	3200	3200	3200	30	36	30	3352	3219	42	42	43	6	6	6	4	4	4	236	237	236	24	0	0	
73.600	-8	9	-15	3200	3200	3200	30	36	30	3353	3219	42	42	43	6	6	6	4	4	4	236	237	236	24	0	0	
73.760	7	13	-11	3200	3200	3200	30	36	30	3352	3220	42	42	43	6	6	6	4	4	4	236	237	236	24	0	0	
73.920	4	9	-13	3200	3200	3200	30	36	30	3353	3219	42	42	43	6	6	6	4	4	4	236	237	236	24	0	0	
74.080	4	8	-11	3200	3200	3200	30	36	30	3354	3219	42	42	43	6	6	6	4	4	4	236	237	236	24	0	0	
74.240	3	13	-11	3200	3200	3200	30	36	30	3353	3219	42	42	43	6	6	6	4	4	4	236	237	236	24	0	0	
74.400	3	3	-19	3200	3200	3200	30	36	30	3352	3219	42	42	43	6	6	6	4	4	4	236	237	236	24	0	0	
74.560	11	12	-9	3200	3200	3200	30	36	30	3354	3219	42	42	43	6	6	6	4	4	4	236	237	236	24	0	0	
74.720	-2	7	-13	3200	3200	3200	30	36	30	3353	3219	42	42	43	6	6	6	4	4	4	236	237	236	24	0	0	
74.880	17	6	-16	3200	3200	3200	30	36	30	3353	3219	42	42	43	6	6	6	4	4	4	236	237	236	24	0	0	
75.040	-11	13	-8	3200	3200	3200	30	36	30	3353	3219	42	42	43	6	6	6	4	4	4	236	237	236	24	0	0	
75.200	-21	19	12	3200	3200	3200	30	36	30	3353	3220	42	42	43	6	6	6	4	4	4	236	237	236	24	0	0	
75.360	-33	26	26	3200	3200	3200	30	36	30	3353	3219	42	42	43	6	6	6	4	4	4	236	237	236	24	0	0	
75.520	-68	31	41	3200	3200	3200	30	36	30	3354	3219	42	42	43	6	6	6	4	4	4	236	237	236	24	0	0	
75.680	216	-63	-185	3200	3200	3200	30	36	30	3354	3219	42	42	43	6	6	6	4	4	4	236	237	236	24	0	0	
75.840	322	-150	-327	3200	3200	3200	30	36	30	3353	3219	42	42	43	6	6	6	4	4	4	236	237	236	24	0	0	
76.000	3	16	-8	3200	3200	3200	30	36	30	3353	3220	42	42	43	6	6	6	4	4	4	236	237	236	24	0	0	
76.160	-2	12	-24	3200	3200	3200	30	36	30	3353	3219	42	42	43	6	6	6	4	4	4	236	237	236	24	0	0	
76.320	4	2	-19	3200	3200	3200	30	36	30	3353	3219	42	42	43	6	6	6	4	4	4	236	237	236	24	0	0	
76.480	31	3	-21	3200	3200	3200	30	36	30	3354	3219	42	42	43	6	6	6	4	4	4	236	237	236	24	0	0	
76.640	27	-5	-9	3200	3200	3200	30	36	30	3353	3219	42	42	43	6	6	6	4	4	4	236	237	236	24	0	0	
76.800	38	-11	-14	3200	3200	3200	30	36	30	3353	3219	42	42	43	6	6	6	4	4	4	236	237	236	24	0	0	
76.960	21	6	-18	3200	3200	3200	30	36	30	3353	3219	42	42	43	6	6	6	4	4	4	236	237	236	24	0	0	
77.120	1	9	-12	3200	3200	3200	30	36	30	3353	3219	42	42	43	6	6	6	4	4	4	236	237	236	24	0	0	
77.280	10	9	-14	3200	3200	3200	30	36	30	3353	3219	42	42	43	6	6	6	4	4	4	236	237	236	24	0	0	
77.440	2	2	-19	3200	3200	3200	30	36	30	3352	3219	42	42	43	6	6	6	4	4	4	236	237	236	24	0	0	
77.600	5	11	-9	3200	3200	3200	30	36	30	3354	3219	42	42	43	6	6	6	4	4	4	236	237	236	24	0	0	
77.760	2	8	-17	3200	3200	3200	30	36	30	3353	3220	42	42	43	6	6	6	4	4	4	236	237	236	24	0	0	
77.920	9	8	-19	3200	3200	3200	30	36	30	3353	3219	42	42	43	6	6	6	4	4	4	236	237	236	24	0	0	
78.080	4	9	-11	3200	3200	3200	30	36	30	3353	3219	42	42	43	6	6	6	4	4	4	236	237	236	24	0	0	
78.240	1	7	-11	3200	3200	3200	30	36	30	3353	3219	42	42	43	6	6	6	4	4	4	236	237	236	24	0	0	
78.400	9	9	-19	3200	3200	3200	30	36	30	3354	3219	42	42	43	6	6	6	4	4	4	236	237	236	24	0	0	
78.560	-3	12	-11	3200	3200	3200	30	36	30	3353	3220	42	42	43	6	6	6	4	4	4	236	237	236	24	0	0	
78.720	7	10	-14	3200	3200	3200	30	36	30	3353	3219	42	42	43	6	6	6	4	4	4	236	237	236	24	0	0	
78.880	9	6	-15	3200	3200	3200	30	36	30	3353	3220	42	42	43	6	6	6	4	4	4	236	237	236	24	0	0	
79.040	2	7	-12	3200	3200	3200	30	36	30	3354	3219	42	42	43	6	6	6	4	4	4	236	237	236	24	0	0	
79.200	7	12	-9	3200	3200	3200	30	36	30	3353	3220	42	42	43	6	6	6	4	4	4	236	237	236	24	0	0	
79.360	-1	5	-20	3200	3200	3200	30	36	30	3354	3220	42	42	43	6	6	6	4	4	4	236	237	236	24	0	0	
79.520	8	10	-13	3200	3200	3200	30	36	30	3353	3219	42	42	43	6	6	6	4	4	4	236	237	236	24	0	0	
79.680	2	11	-11	3200	3200	3200	30	36	30	3353	3219	42	42	43	6	6	6	4	4	4	236	237	236	24	0	0	
79.840	10	5	-17	3200	3200	3200	30	36	30	3354	3219	42	42	43	6	6	6	4	4	4	236	237	236	24	0	0	
80.000	0	7	-14	3200	3200	3200	30	36	30	3353	3219	42	42	43	6	6	6	4	4	4	236	237	236	24	0	0	
80.160	3	13	-9	3200	3200	3200	30	36	30	3353	3220	42	42	43	6	6	6	4	4	4	236	237	236	24	0	0	
80.320	7	10	-16	3200	3200	3200	30	36	30	3353	3219	42	42	43	6	6	6	4	4	4	236	237	236	24	0	0	
80.480	3	8	-15	3200	3200	3200	30	36	30	3354	3219	42	42	43	6	6	6	4	4	4	236	237	236	24	0	0	
80.640	11	5	-16	3200	3200	3200	30	36	30	3353	3220	42	42	43	6	6	6	4	4	4	236	237	236	24	0	0	
80.800	-5	13	-8	3200	3200	3200	30	36	30	3353	3220	42	42	43	6	6	6	4	4	4	236	237	236	24	0	0	
80.960	4	7	-15	3200	3200	3200	30	36	30	3353	3219	42	42	43	6	6	6	4	4	4	236	237	236	24	0	0	
81.120	12	8	-17	3200	3200	3200	30	36	30	3353	3219	42	42	43	6	6	6	4	4	4	236	237	236	24	0	0	
81.280	-3	10	-10	3200	3200	3200	30	36	30	3354	3220	42	42	43	6	6	6	4	4	4	236	237	236	24	0	0	
81.440	11	4	-14	3200	3200	3200	30	36	30	3354	3219	42	42	43	6	6	6	4	4	4	236	237	236	24	0	0	
81.600	-4	10	-8	3200	3200	3200	30	36	30	3353	3219	42	42	43	6	6	6	4	4	4	236	237	236	24	0	0	
81.760	6	8	-15	3200	3200	3200	30	36	30	3353	3219	42	42	43	6	6	6	4	4	4	236	237	236	24	0	0	
81.920	11	5	-22	3200	3200	3200	30	36	30	3353	3220	42	42	43	6	6	6	4	4	4	236	237	236	24	0	0	
82.080	2	9	-12	3200	3200	3200	30	36	30	3353	3220	42	42	43	6	6	6	4	4	4	236	237	236	24	0	0	
82.240	4	12	-8	3200	3200	3200	30	36	30	3353	3219	42	42	43	6	6	6	4	4	4	236	237	236	24	0	0	
82.400	2	7	-13	3200	3200	3200	30	36	30	3354	3220	42	42	43	6	6	6	4	4	4	236	237	236	24	0	0	
82.560	6	9	-20	3200	3200	3200	30	36	30	3354	3220	42	42	43	6	6	6	4	4	4	236	237	236	24	0	0	
82.720	2	10	-12	3200	3200	3200	30	36	30	3354	3219	42	42	43	6	6	6	4	4	4	236	237	236	24	0	0	
82.880	2	12	-12	3200	3200	3200	30	36	30	3353	3220	42	42	43	6	6	6	4	4	4	236	237	236	24	0	0	
83.040	-1	9	-10	3200	3200	3200	30	36	30	3353	3219	42	42	43	6	6	6	4	4	4	236	237	236	24	0	0	
83.200	11	6	-14	3200	3200	3200	30	36	30	3354	3220	42	42	43	6	6	6	4	4	4	236	237	236	24	0	0	
83.360	4	7	-14	3200	3200	3200	30	36	30	3354	3220	42	42	43	6	6	6	4	4	4	236	237	236	24	0	0	
83.520	-1	10	-12	3200	3200	3200	30	36	30	3354	3220	42	42	43	6	6	6	4	4	4	236	237	236	24	0	0	
83.680	9	11	-12	3200	3200	3200	30	36	30	3354	3219	42	42	43	6	6	6	4	4	4	236	237	236	24	0	0	
83.840	0	7	-15	3200	3200	3200	30	36	30	3354	3220	42	42	43	6	6	6	4	4	4	236	237	236	24	0	0	
84.000	12	6	-17	3200	3200	3200	30	36	30	3354	3220	42	42	43	6	6	6	4	4	4	236	237	236	24	0	0	
84.160	2	9	-11	3200	3200	3200	30	36	30	3353	3220	42	42	43	6	6	6	4	4	4	236	237	236	24	0	0	
84.320	3	7	-16	3200	3200	3200	30	36	30	3353	3220	42	42	43	6	6	6	4	4	4	236	237	236	24	0	0	
84.480	10	9	-12	3200	3200	3200	30	36	30	3354	3219	42	42	43	6	6	6	4	4	4	236	237	236	24	0	0	
84.640	-1	8	-15	3200	3200	3200	30	36	30	3353	3220	42	42	43	6	6	6	4	4	4	236	237	236	24	0	0	
84.800	8	10	-12	3200	3200	3200	30	36	30	3354	3220	42	42	43	6	6	6	4	4	4	236	237	236	24	0	0	
84.960	-3	8	-10	3200	3200	3200	30	36	30	3354	3220	42	42	43	6	6	6	4	4	4	236	237	236	24	0	0	
85.120	13	6	-17	3200	3200	3200	30	36	30	3354	3219	42	42	43	6	6	6	4	4	4	236	237	236	24	0	0	
85.280	3	10	-10	3200	3200	3200	30	36	30	3355	3220	42	42	43	6	6	6	4	4	4	236	237	236	24	0	0	
85.440	-3	6	-16	3200	3200	3200	30	36	30	3354	3220	42	42	43	6	6	6	4	4	4	236	237	236	24	0	0	
85.600	9	9	-10	3200	3200	3200	30	36	30	3354	3220	42	42	43	6	6	6	4	4	4	236	237	236	24	0	0	
85.760	-4	13	-9	3200	3200	3200	30	36	30	3354	3219	42	42	43	6	6	6	4	4	4	236	237	236	24	0	0	
85.920	11	9	-17	3200	3200	3200	30	36	30	3354	3220	42	42	43	6	6	6	4	4	4	236	237	236	24	0	0	
86.080	2	6	-19	3200	3200	3200	30	36	30	3354	3220	42	42	43	6	6	6	4	4	4	236	237	236	24	0	0	
86.240	4	16	-6	3200	3200	3200	30	36	30	3354	3220	42	42	43	6	6	6	4	4	4	236	237	236	24	0	0	
86.400	2	6	-12	3200	3200	3200	30	36	30	3354	3220	42	42	43	6	6	6	4	4	4	236	237	236	24	0	0	
86.560	4	6	-16	3200	3200	3200	30	36	30	3355	3220	42	42	43	6	6	6	4	4	4	236	237	236	24	0	0	
86.720	9	11	-12	3200	3200	3200	30	36	30	3354	3220	42	42	43	6	6	6	4	4	4	236	237	236	24	0	0	
86.880	6	11	-14	3200	3200	3200	30	36	30	3354	3220	42	42	43	6	6	6	4	4	4	236	237	236	24	0	0	
87.040	-1	3	-17	3200	3200	3200	30	36	30	3354	3220	42	42	43	6	6	6	4	4	4	236	237	236	24	0	0	
87.200	7	12	-8	3200	3200	3200	30	36	30	3354	3220	42	42	43	6	6	6	4	4	4	236	237	236	24	0	0	
87.360	1	6	-15	3200	3200	3200	30	36	30	3354	3220	42	42	43	6	6	6	4	4	4	236	237	236	24	0	0	
87.520	6	11	-11	3200	3200	3200	30	36	30	3354	3220	42	42	43	6	6	6	4	4	4	236	237	236	24	0	0	
87.680	-1	8	-17	3200	3200	3200	30	36	30	3354	3220	42	42	43	6	6	6	4	4	4	236	237	236	24	0	0	
87.840	12	8	-12	3200	3200	3200	30	36	30	3355	3220	42	42	43	6	6	6	4	4	4	236	237	236	24	0	0	
88.000	-4	9	-12	3200	3200	3200	30	36	30	3354	3219	42	42	43	6	6	6	4	4	4	236	237	236	24	0	0	
88.160	-4	14	-19	3200	3200	3200	30	36	30	3354	3220	42	42	43	6	6	6	4	4	4	236	237	236	24	0	0	
88.320	-41	25	-17	3200	3200	3200	30	36	30	3354	3220	42	42	43	6	6	6	4	4	4	236	237	236	24	0	0	
88.480	-48	34	-26	3200	3200	3200	30	36	30	3355	3220	42	42	43	6	6	6	4	4	4	236	237	236	24	0	0	
88.640	-17	20	-26	3200	3200	3200	30	36	30	3354	3220	42	42	43	6	6	6	4	4	4	236	237	236	24	0	0	
88.800	9	6	-21	3200	3200	3200	30	36	30	3355	3220	42	42	43	6	6	6	4	4	4	236	237	236	24	0	0	
88.960	85	-25	-61	3200	3200	3200	30	36	30	3354	3220	42	42	43	6	6	6	4	4	4	236	237	236	24	0	0	
89.120	-2	0	-35	3200	3200	3200	30	36	30	3354	3220	42	42	43	6	6	6	4	4	4	236	237	236	24	0	0	
89.280	-28	26	40	3200	3200	3200	30	36	30	3355	3220	42	42	43	6	6	6	4	4	4	236	237	236	24	0	0	
89.440	-20	25	10	3200	3200	3200	30	36	30	3354	3220	42	42	43	6	6	6	4	4	4	236	237	236	24	0	0	
89.600	35	-12	4	3200	3200	3200	30	36	30	3354	3220	42	42	43	6	6	6	4	4	4	236	237	236	24	0	0	
89.760	67	-16	-18	3200	3200	3200	30	36	30	3354	3220	42	42	43	6	6	6	4	4	4	236	237	236	24	0	0	
89.920	3	12	-10	3200	3200	3200	30	36	30	3355	3220	42	42	43	6	6	6	4	4	4	236	237	236	24	0	0	
90.080	4	9	-12	3200	3200	3200	30	36	30	3354	3220	42	42	43	6	6	6	4	4	4	236	237	236	24	0	0	
90.240	14	5	-26	3200	3200	3200	30	36	30	3354	3220	42	42	43	6	6	6	4	4	4	236	237	236	24	0	0	
90.400	9	5	-17	3200	3200	3200	30	36	30	3354	3220	42	42	43	6	6	6	4	4	4	236	237	236	24	0	0	
90.560	1	13	-2	3200	3200	3200	30	36	30	3354	3220	42	42	43	6	6	6	4	4	4	236	237	236	24	0	0	
90.720	-3	7	-14	3200	3200	3200	30	36	30	3355	3220	42	42	43	6	6	6	4	4	4	236	237	236	24	0	0	
90.880	12	9	-14	3200	3200	3200	30	36	30	3354	3220	42	42	43	6	6	6	4	4	4	236	237	236	24	0	0	
91.040	-2	10	-18	3200	3200	3200	30	36	30	3354	3220	42	42	43	6	6	6	4	4	4	236	237	236	24	0	0	
91.200	5	10	-11	3200	3200	3200	30	36	30	3355	3220	42	42	43	6	6	6	4	4	4	236	237	236	24	0	0	
91.360	1	10	-10	3200	3200	3200	30	36	30	3355	3220	42	42	43	6	6	6	4	4	4	236	237	236	24	0	0	
91.520	4	7	-14	3200	3200	3200	30	36	30	3354	3220	42	42	43	6	6	6	4	4	4	236	237	236	24	0	0	
91.680	9	9	-16	3200	3200	3200	30	36	30	3354	3220	42	42	43	6	6	6	4	4	4	236	237	236	24	0	0	
91.840	-2	10	-13	3200	3200	3200	30	36	30	3355	3220	42	42	43	6	6	6	4	4	4	236	237	236	24	0	0	
92.000	10	9	-11	3200	3200	3200	30	36	30	3355	3220	42	42	43	6	6	6	4	4	4	236	237	236	24	0	0	
92.160	1	6	-15	3200	3200	3200	30	36	30	3355	3220	42	42	43	6	6	6	4	4	4	236	237	236	24	0	0	
92.320	8	8	-12	3200	3200	3200	30	36	30	3355	3220	42	42	43	6	6	6	4	4	4	236	237	236	24	0	0	
92.480	2	12	-14	3200	3200	3200	30	36	30	3354	3220	42	42	43	6	6	6	4	4	4	236	237	236	24	0	0	
92.640	3	7	-14	3200	3200	3200	30	36	30	3355	3220	42	42	43	6	6	6	4	4	4	236	237	236	24	0	0	
92.800	10	9	-13	3200	3200	3200	30	36	30	3355	3220	42	42	43	6	6	6	4	4	4	236	237	236	24	0	0	
92.960	0	7	-14	3200	3200	3200	30	36	30	3354	3220	42	42	43	6	6	6	4	4	4	236	237	236	24	0	0	
93.120	6	11	-13	3200	3200	3200	30	36	30	3355	3220	42	42	43	6	6	6	4	4	4	236	237	236	24	0	0	
93.280	0	10	-17	3200	3200	3200	30	36	30	3354	3220	42	42	43	6	6	6	4	4	4	236	237	236	24	0	0	
93.440	5	10	-15	3200	3200	3200	30	36	30	3354	3220	42	42	43	6	6	6	4	4	4	236	237	236	24	0	0	
93.600	3	12	-12	3200	3200	3200	30	36	30	3355	3220	42	42	43	6	6	6	4	4	4	236	237	236	24	0	0	
93.760	0	5	-14	3200	3200	3200	30	36	30	3355	3220	42	42	43	6	6	6	4	4	4	236	237	236	24	0	0	
93.920	11	9	-12	3200	3200	3200	30	36	30	3355	3220	42	42	43	6	6	6	4	4	4	236	237	236	24	0	0	
94.080	-1	7	-13	3200	3200	3200	30	36	30	3354	3220	42	42	43	6	6	6	4	4	4	236	237	236	24	0	0	
94.240	12	8	-13	3200	3200	3200	30	36	30	3354	3220	42	42	43	6	6	6	4	4	4	236	237	236	24	0	0	
94.400	4	8	-17	3200	3200	3200	30	36	30	3355	3220	42	42	43	6	6	6	4	4	4	236	237	236	24	0	0	
94.560	5	9	-10	3200	3200	3200	30	36	30	3355	3220	42	42	43	6	6	6	4	4	4	236	237	236	24	0	0	
94.720	5	9	-12	3200	3200	3200	30	36	30	3355	3220	42	42	43	6	6	6	4	4	4	236	237	236	24	0	0	
94.880	1	8	-14	3200	3200	3200	30	36	30	3355	3220	42	42	43	6	6	6	4	4	4	236	237	236	24	0	0	
95.040	9	9	-14	3200	3200	3200	30	36	30	3355	3220	42	42	43	6	6	6	4	4	4	236	237	236	24	0	0	
95.200	-1	11	-13	3200	3200	3200	30	36	30	3355	3220	42	42	43	6	6	6	4	4	4	236	237	236	24	0	0	
95.360	6	8	-15	3200	3200	3200	30	36	30	3355	3220	42	42	43	6	6	6	4	4	4	236	237	236	24	0	0	
95.520	3	11	-11	3200	3200	3200	30	36	30	3354	3220	42	42	43	6	6	6	4	4	4	236	237	236	24	0	0	
95.680	1	7	-15	3200	3200	3200	30	36	30	3354	3220	42	42	43	6	6	6	4	4	4	236	237	236	24	0	0	
95.840	10	8	-10	3200	3200	3200	30	36	30	3354	3220	42	42	43	6	6	6	4	4	4	236	237	236	24	0	0	
96.000	1	7	-16	3200	3200	3200	30	36	30	3355	3220	42	42	43	6	6	6	4	4	4	236	237	236	24	0	0	
96.160	10	9	-12	3200	3200	3200	30	36	30	3355	3220	42	42	43	6	6	6	4	4	4	236	237	236	24	0	0	
96.320	-3	8	-12	3200	3200	3200	30	36	30	3355	3220	42	42	43	6	6	6	4	4	4	236	237	236	24	0	0	
96.480	4	9	-12	3200	3200	3200	30	36	30	3355	3220	42	42	43	6	6	6	4	4	4	236	237	236	24	0	0	
96.640	3	10	-13	3200	3200	3200	30	36	30	3355	3220	42	42	43	6	6	6	4	4	4	236	237	236	24	0	0	
96.800	3	8	-18	3200	3200	3200	30	36	30	3355	3220	42	42	43	6	6	6	4	4	4	236	237	236	24	0	0	
96.960	8	9	-12	3200	3200	3200	30	36	30	3355	3220	42	42	43	6	6	6	4	4	4	236	237	236	24	0	0	
97.120	0	9	-11	3200	3200	3200	30	36	30	3355	3220	42	42	43	6	6	6	4	4	4	236	237	236	24	0	0	
97.280	8	7	-14	3200	3200	3200	30	36	30	3354	3220	42	42	43	6	6	6	4	4	4	236	237	236	24	0	0	
97.440	2	9	-16	3200	3200	3200	30	36	30	3355	3220	42	42	43	6	6	6	4	4	4	236	237	236	24	0	0	
97.600	4	9	-14	3200	3200	3200	30	36	30	3355	3220	42	42	43	6	6	6	4	4	4	236	237	236	24	0	0	
97.760	7	10	-11	3200	3200	3200	30	36	30	3355	3220	42	42	43	6	6	6	4	4	4	236	237	236	24	0	0	
97.920	-1	5	-13	3200	3200	3200	30	36	30	3355	3220	42	42	43	6	6	6	4	4	4	236	237	236	24	0	0	
98.080	12	8	-13	3200	3200	3200	30	36	30	3355	3221	42	42	43	6	6	6	4	4	4	236	237	236	24	0	0	
98.240	-3	8	-15	3200	3200	3200	30	36	30	3355	3220	42	42	43	6	6	6	4	4	4	236	237	236	24	0	0	
98.400	7	9	-13	3200	3200	3200	30	36	30	3355	3220	42	42	43	6	6	6	4	4	4	236	237	236	24	0	0	
98.560	1	9	-12	3200	3200	3200	30	36	30	3355	3221	42	42	43	6	6	6	4	4	4	236	237	236	24	0	0	
98.720	4	8	-14	3200	3200	3200	30	36	30	3355	3220	42	42	43	6	6	6	4	4	4	236	237	236	24	0	0	
98.880	5	11	-12	3200	3200	3200	30	36	30	3355	3220	42	42	43	6	6	6	4	4	4	236	237	236	24	0	0	
99.040	-3	9	-14	3200	3200	3200	30	36	30	3354	3220	42	42	43	6	6	6	4	4	4	236	237	236	24	0	0	
99.200	12	10	-13	3200	3200	3200	30	36	30	3355	3220	42	42	43	6	6	6	4	4	4	236	237	236	24	0	0	
99.360	1	7	-15	3200	3200	3200	30	36	30	3355	3220	42	42	43	6	6	6	4	4	4	236	237	236	24	0	0	
99.520	8	8	-13	3200	3200	3200	30	36	30	3355	3220	42	42	43	6	6	6	4	4	4	236	237	236	24	0	0	
99.680	4	9	-11	3200	3200	3200	30	36	30	3355	3221	42	42	43	6	6	6	4	4	4	236	237	236	24	0	0	
99.840	1	8	-14	3200	3200	3200	30	36	30	3355	3220	42	42	43	6	6	6	4	4	4	236	237	236	24	0	0	
100.000	6	10	-12	3200	3200	3200	30	36	30	3355	3220	42	42	43	6	6	6	4	4	4	236	237	236	24	0	0	
100.160	4	6	-16	3200	3200	3200	30	36	30	3356	3220	42	42	43	6	6	6	4	4	4	236	237	236	24	0	0	
100.320	6	8	-13	3200	3200	3200	30	36	30	3355	3220	42	42	43	6	6	6	4	4	4	236	237	236	24	0	0	
100.480	3	7	-12	3200	3200	3200	30	36	30	3356	3220	42	42	43	6	6	6	4	4	4	236	237	236	24	0	0	
100.640	1	8	-13	3200	3200	3200	30	36	30	3356	3220	42	42	43	6	6	6	4	4	4	236	237	236	24	0	0	
100.800	8	12	-13	3200	3200	3200	30	36	30	3355	3220	42	42	43	6	6	6	4	4	4	236	237	236	24	0	0	
100.960	-1	7	-19	3200	3200	3200	30	36	30	3355	3220	42	42	43	6	6	6	4	4	4	236	237	236	24	0	0	
101.120	12	12	-11	3200	3200	3200	30	36	30	3355	3220	42	42	43	6	6	6	4	4	4	236	237	236	24	0	0	
101.280	-2	7	-13	3200	3200	3200	30	36	30	3355	3220	42	42	43	6	6	6	4	4	4	236	237	236	24	0	0	
101.440	10	7	-13	3200	3200	3200	30	36	30	3356	3220	42	42	43	6	6	6	4	4	4	236	237	236	24	0	0	
101.600	1	8	-15	3200	3200	3200	30	36	30	3356	3220	42	42	43	6	6	6	4	4	4	236	237	236	24	0	0	
101.760	5	9	-13	3200	3200	3200	30	36	30	3355	3220	42	42	43	6	6	6	4	4	4	236	237	236	24	0	0	
101.920	7	9	-12	3200	3200	3200	30	36	30	3354	3220	42	42	43	6	6	6	4	4	4	236	237	236	24	0	0	
102.080	-2	7	-12	3200	3200	3200	30	36	30	3355	3220	42	42	43	6	6	6	4	4	4	236	237	236	24	0	0	
102.240	10	9	-13	3200	3200	3200	30	36	30	3356	3221	42	42	43	6	6	6	4	4	4	236	237	236	24	0	0	
102.400	0	9	-15	3200	3200	3200	30	36	30	3355	3220	42	42	43	6	6	6	4	4	4	236	237	236	24	0	0	
102.560	3	21	-9	3200	3200	3200	30	36	30	3355	3220	42	42	43	6	6	6	4	4	4	236	237	236	24	0	0	
102.720	4	16	-11	3200	3200	3200	30	36	30	3355	3221	42	42	43	6	6	6	4	4	4	236	237	236	24	0	0	
102.880	3	11	-13	3200	3200	3200	30	36	30	3355	3220	42	42	43	6	6	6	4	4	4	236	237	236	24	0	0	
103.040	4	10	-16	3200	3200	3200	30	36	30	3355	3221	42	42	43	6	6	6	4	4	4	236	237	236	24	0	0	
103.200	0	9	-14	3200	3200	3200	30	36	30	3356	3220	42	42	43	6	6	6	4	4	4	236	237	236	24	0	0	
103.360	10	0	-17	3200	3200	3200	30	36	30	3355	3220	42	42	43	6	6	6	4	4	4	236	237	236	24	0	0	
103.520	3	3	-14	3200	3200	3200	30	36	30	3355	3220	42	42	43	6	6	6	4	4	4	236	237	236	24	0	0	
103.680	7	3	-16	3200	3200	3200	30	36	30	3355	3221	42	42	43	6	6	6	4	4	4	236	237	236	24	0	0	
103.840	9	5	-12	3200	3200	3200	30	36	30	3355	3221	42	42	43	6	6	6	4	4	4	236	237	236	24	0	0	
104.000	-3	12	-13	3200	3200	3200	30	36	30	3356	3221	42	42	43	6	6	6	4	4	4	236	237	236	24	0	0	
104.160	11	11	-12	3200	3200	3200	30	36	30	3355	3221	42	42	43	6	6	6	4	4	4	236	237	236	24	0	0	
104.320	-3	12	-13	3200	3200	3200	30	36	30	3356	3221	42	42	43	6	6	6	4	4	4	236	237	236	24	0	0	
104.480	7	11	-10	3200	3200	3200	30	36	30	3355	3220	42	42	43	6	6	6	4	4	4	236	237	236	24	0	0	
104.640	1	10	-12	3200	3200	3200	30	36	30	3355	3220	42	42	43	6	6	6	4	4	4	236	237	236	24	0	0	
104.800	4	11	-12	3200	3200	3200	30	36	30	3356	3221	42	42	43	6	6	6	4	4	4	236	237	236	24	0	0	
104.960	9	7	-13	3200	3200	3200	30	36	30	3354	3221	42	42	43	6	6	6	4	4	4	236	237	236	24	0	0	
105.120	-2	8	-15	3200	3200	3200	30	36	30	3355	3221	42	42	43	6	6	6	4	4	4	236	237	236	24	0	0	
105.280	9	6	-15	3200	3200	3200	30	36	30	3355	3220	42	42	43	6	6	6	4	4	4	236	237	236	24	0	0	
105.440	1	7	-14	3200	3200	3200	30	36	30	3354	3221	42	42	43	6	6	6	4	4	4	236	237	236	24	0	0	
105.600	4	6	-16	3200	3200	3200	30	36	30	3356	3220	42	42	43	6	6	6	4	4	4	236	237	236	24	0	0	
105.760	7	10	-13	3200	3200	3200	30	36	30	3355	3221	42	42	43	6	6	6	4	4	4	236	237	236	24	0	0	
105.920	1	7	-15	3200	3200	3200	30	36	30	3356	3220	42	42	43	6	6	6	4	4	4	236	237	236	24	0	0	
106.080	11	8	-10	3200	3200	3200	30	36	30	3356	3221	42	42	43	6	6	6	4	4	4	236	237	236	24	0	0	
106.240	-3	7	-13	3200	3200	3200	30	36	30	3355	3221	42	42	43	6	6	6	4	4	4	236	237	236	24	0	0	
106.400	8	10	-13	3200	3200	3200	30	36	30	3355	3220	42	42	43	6	6	6	4	4	4	236	237	236	24	0	0	
106.560	1	10	-16	3200	3200	3200	30	36	30	3356	3220	42	42	43	6	6	6	4	4	4	236	237	236	24	0	0	
106.720	6	11	-12	3200	3200	3200	30	36	30	3355	3221	42	42	43	6	6	6	4	4	4	236	237	236	24	0	0	
106.880	7	9	-10	3200	3200	3200	30	36	30	3355	3220	42	42	43	6	6	6	4	4	4	236	237	236	24	0	0	
107.040	0	7	-15	3200	3200	3200	30	36	30	3355	3221	42	42	43	6	6	6	4	4	4	236	237	236	24	0	0	
107.200	9	10	-14	3200	3200	3200	30	36	30	3355	3221	42	42	43	6	6	6	4	4	4	236	237	236	24	0	0	
107.360	-1	9	-14	3200	3200	3200	30	36	30	3356	3221	42	42	43	6	6	6	4	4	4	236	237	236	24	0	0	
107.520	5	11	-10	3200	3200	3200	30	36	30	3356	3221	42	42	43	6	6	6	4	4	4	236	237	236	24	0	0	
107.680	5	8	-12	3200	3200	3200	30	36	30	3356	3221	42	42	43	6	6	6	4	4	4	236	237	236	24	0	0	
107.840	3	7	-15	3200	3200	3200	30	36	30	3356	3220	42	42	43	6	6	6	4	4	4	236	237	236	24	0	0	
108.000	8	8	-15	3200	3200	3200	30	36	30	3356	3221	42	42	43	6	6	6	4	4	4	236	237	236	24	0	0	
108.160	-2	9	-13	3200	3200	3200	30	36	30	3357	3221	42	42	43	6	6	6	4	4	4	236	237	236	24	0	0	
108.320	9	9	-11	3200	3200	3200	30	36	30	3356	3221	42	42	43	6	6	6	4	4	4	236	237	236	24	0	0	
108.480	3	6	-15	3200	3200	3200	30	36	30	3355	3221	42	42	43	6	6	6	4	4	4	236	237	236	24	0	0	
108.640	3	0	-18	3200	3200	3200	30	36	30	3356	3221	42	42	43	6	6	6	4	4	4	236	237	236	24	0	0	
108.800	7	9	-14	3200	3200	3200	30	36	30	3356	3221	42	42	43	6	6	6	4	4	4	236	237	236	24	0	0	
108.960	0	10	-15	3200	3200	3200	30	36	30	3356	3221	42	42	43	6	6	6	4	4	4	236	237	236	24	0	0	
109.120	8	9	-11	3200	3200	3200	30	36	30	3356	3221	42	42	43	6	6	6	4	4	4	236	237	236	24	0	0	
109.280	4	7	-13	3200	3200	3200	30	36	30	3355	3221	42	42	43	6	6	6	4	4	4	236	237	236	24	0	0	
109.440	4	9	-13	3200	3200	3200	30	36	30	3356	3221	42	42	43	6	6	6	4	4	4	236	237	236	24	0	0	
109.600	2	8	-13	3200	3200	3200	30	36	30	3356	3220	42	42	43	6	6	6	4	4	4	236	237	236	24	0	0	
109.760	5	8	-17	3200	3200	3200	30	36	30	3356	3221	42	42	43	6	6	6	4	4	4	236	237	236	24	0	0	
109.920	7	12	-10	3200	3200	3200	30	36	30	3356	3221	42	42	43	6	6	6	4	4	4	236	237	236	24	0	0	
110.080	-2	7	-14	3200	3200	3200	30	36	30	3357	3221	42	42	43	6	6	6	4	4	4	236	237	236	24	0	0	
110.240	12	6	-15	3200	3200	3200	30	36	30	3356	3221	42	42	43	6	6	6	4	4	4	236	237	236	24	0	0	
110.400	0	10	-11	3200	3200	3200	30	36	30	3356	3221	42	42	43	6	6	6	4	4	4	236	237	236	24	0	0	
110.560	3	8	-13	3200	3200	3200	30	36	30	3356	3221	42	42	43	6	6	6	4	4	4	236	237	236	24	0	0	
110.720	7	13	-12	3200	3200	3200	30	36	30	3356	3221	42	42	43	6	6	6	4	4	4	236	237	236	24	0	0	
110.880	0	7	-16	3200	3200	3200	30	36	30	3356	3221	42	42	43	6	6	6	4	4	4	236	237	236	24	0	0	
111.040	10	5	-15	3200	3200	3200	30	36	30	3356	3221	42	42	43	6	6	6	4	4	4	236	237	236	24	0	0	
111.200	-2	11	-10	3200	3200	3200	30	36	30	3356	3221	42	42	43	6	6	6	4	4	4	236	237	236	24	0	0	
111.360	5	11	-12	3200	3200	3200	30	36	30	3356	3221	42	42	43	6	6	6	4	4	4	236	237	236	24	0	0	
111.520	7	8	-15	3200	3200	3200	30	36	30	3356	3221	42	42	43	6	6	6	4	4	4	236	237	236	24	0	0	
111.680	6	5	-16	3200	3200	3200	30	36	30	3357	3221	42	42	43	6	6	6	4	4	4	236	237	236	24	0	0	
111.840	5	7	-11	3200	3200	3200	30	36	30	3356	3222	42	42	43	6	6	6	4	4	4	236	237	236	24	0	0	
112.000	1	8	-12	3200	3200	3200	30	36	30	3356	3221	42	42	43	6	6	6	4	4	4	236	237	236	24	0	0	
112.160	7	11	-13	3200	3200	3200	30	36	30	3356	3222	42	42	43	6	6	6	4	4	4	236	237	236	24	0	0	
112.320	-2	11	-13	3200	3200	3200	30	36	30	3357	3222	42	42	43	6	6	6	4	4	4	236	237	236	24	0	0	
112.480	8	7	-15	3200	3200	3200	30	36	30	3356	3221	42	42	43	6	6	6	4	4	4	236	237	236	24	0	0	
112.640	6	10	-10	3200	3200	3200	30	36	30	3356	3221	42	42	43	6	6	6	4	4	4	236	237	236	24	0	0	
112.800	-1	7	-13	3200	3200	3200	30	36	30	3356	3221	42	42	43	6	6	6	4	4	4	236	237	236	24	0	0	
112.960	10	10	-14	3200	3200	3200	30	36	30	3357	3221	42	42	43	6	6	6	4	4	4	236	237	236	24	0	0	
113.120	-1	9	-16	3200	3200	3200	30	36	30	3355	3221	42	42	43	6	6	6	4	4	4	236	237	236	24	0	0	
113.280	12	9	-14	3200	3200	3200	30	36	30	3356	3222	42	42	43	6	6	6	4	4	4	236	237	236	24	0	0	
113.440	0	9	-11	3200	3200	3200	30	36	30	3356	3222	42	42	43	6	6	6	4	4	4	236	237	236	24	0	0	
113.600	5	6	-13	3200	3200	3200	30	36	30	3356	3221	42	42	43	6	6	6	4	4	4	236	237	236	24	0	0	
113.760	7	8	-12	3200	3200	3200	30	36	30	3356	3221	42	42	43	6	6	6	4	4	4	236	237	236	24	0	0	
113.920	-2	8	-16	3200	3200	3200	30	36	30	3356	3221	42	42	43	6	6	6	4	4	4	236	237	236	24	0	0	
114.080	9	13	-9	3200	3200	3200	30	36	30	3356	3221	42	42	43	6	6	6	4	4	4	236	237	236	24	0	0	
114.240	0	6	-15	3200	3200	3200	30	36	30	3356	3222	42	42	43	6	6	6	4	4	4	236	237	236	24	0	0	
114.400	9	8	-14	3200	3200	3200	30	36	30	3356	3222	42	42	43	6	6	6	4	4	4	236	237	236	24	0	0	
114.560	1	9	-12	3200	3200	3200	30	36	30	3356	3221	42	42	43	6	6	6	4	4	4	236	237	236	24	0	0	
114.720	5	9	-14	3200	3200	3200	30	36	30	3356	3222	42	42	43	6	6	6	4	4	4	236	237	236	24	0	0	
114.880	6	9	-14	3200	3200	3200	30	36	30	3356	3221	42	42	43	6	6	6	4	4	4	236	237	236	24	0	0	
115.040	1	7	-14	3200	3200	3200	30	36	30	3356	3222	42	42	43	6	6	6	4	4	4	236	237	236	24	0	0	
115.200	9	8	-14	3200	3200	3200	30	36	30	3356	3221	42	42	43	6	6	6	4	4	4	236	237	236	24	0	0	
115.360	-2	10	-12	3200	3200	3200	30	36	30	3356	3221	42	42	43	6	6	6	4	4	4	236	237	236	24	0	0	
115.520	3	8	-14	3200	3200	3200	30	36	30	3356	3221	42	42	43	6	6	6	4	4	4	236	237	236	24	0	0	
115.680	-17	13	-1	3200	3200	3200	30	36	30	3356	3222	42	42	43	6	6	6	4	4	4	236	237	236	24	0	0	
115.840	31	3	-30	3200	3200	3200	30	36	30	3356	3222	42	42	43	6	6	6	4	4	4	236	237	236	24	0	0	
116.000	-7	8	-9	3200	3200	3200	30	36	30	3356	3222	42	42	43	6	6	6	4	4	4	236	237	236	24	0	0	
116.160	-2	16	-2	3200	3200	3200	30	36	30	3356	3221	42	42	43	6	6	6	4	4	4	236	237	235	24	0	0	
116.320	-18	16	10	3200	3200	3200	30	36	30	3356	3221	42	42	43	6	6	6	4	4	4	236	237	236	24	0	0	
116.480	-26	22	13	3200	3200	3200	30	36	30	3356	3222	42	42	43	6	6	6	4	4	4	236	237	236	24	0	0	
116.640	-15	21	7	3200	3200	3200	30	36	30	3356	3222	42	42	43	6	6	6	4	4	4	236	237	236	24	0	0	
116.800	20	0	-11	3200	3200	3200	30	36	30	3356	3221	42	42	43	6	6	6	4	4	4	236	237	236	24	0	0	
116.960	-33	21	1	3200	3200	3200	30	36	30	3356	3221	42	42	43	6	6	6	4	4	4	236	237	236	24	0	0	
117.120	-7	19	-1	3200	3200	3200	30	36	30	3356	3222	42	42	43	6	6	6	4	4	4	236	237	236	24	0	0	
117.280	-20	20	5	3200	3200	3200	30	36	30	3356	3222	42	42	43	6	6	6	4	4	4	236	237	236	24	0	0	
117.440	-4	9	-11	3200	3200	3200	30	36	30	3356	3221	42	42	43	6	6	6	4	4	4	236	237	236	24	0	0	
117.600	19	2	-20	3200	3200	3200	30	36	30	3357	3222	42	42	43	6	6	6	4	4	4	236	237	236	24	0	0	
117.760	1	10	-14	3200	3200	3200	30	36	30	3357	3221	42	42	43	6	6	6	4	4	4	236	237	236	24	0	0	
117.920	-9	24	8	3200	3200	3200	30	36	30	3356	3222	42	42	43	6	6	6	4	4	4	236	237	236	24	0	0	
118.080	8	6	-16	3200	3200	3200	30	36	30	3356	3222	42	42	43	6	6	6	4	4	4	236	237	236	24	0	0	
118.240	28	1	-28	3200	3200	3200	30	36	30	3356	3222	42	42	43	6	6	6	4	4	4	236	237	236	24	0	0	
118.400	-29	28	17	3200	3200	3200	30	36	30	3356	3222	42	42	43	6	6	6	4	4	4	236	237	236	24	0	0	
118.560	16	0	-20	3200	3200	3200	30	36	30	3357	3222	42	42	43	6	6	6	4	4	4	236	237	236	24	0	0	
118.720	14	7	-21	3200	3200	3200	30	36	30	3357	3222	42	42	43	6	6	6	4	4	4	236	237	236	24	0	0	
118.880	-4	12	-5	3200	3200	3200	30	36	30	3357	3221	42	42	43	6	6	6	4	4	4	236	237	236	24	0	0	
